Turn: 0 Player: 1
[[ 0  0  0  0  0  0  0  0]
 [ 0  0  0  0  0  0  0  0]
 [ 0  0  0  0  0  0  0  0]
 [ 0  0  0  1 -1  0  0  0]
 [ 0  0  0 -1  1  0  0  0]
 [ 0  0  0  0  0  0  0  0]
 [ 0  0  0  0  0  0  0  0]
 [ 0  0  0  0  0  0  0  0]]
Turn: 1 Player: -1
[[ 0  0  0  0  0  0  0  0]
 [ 0  0  0  0  0  0  0  0]
 [ 0  0  0  0  0  0  0  0]
 [ 0  0  0  1 -1  0  0  0]
 [ 0  0  0 -1  1  0  0  0]
 [ 1  0  0  0  0  0  0  0]
 [ 0  0  0  0  0  0  0  0]
 [ 0  0  0  0  0  0  0  0]]
Turn: 2 Player: 1
[[ 0  0  0  0  0  0  0  0]
 [ 0  0  0  0  0  0  0  0]
 [ 0  0  0  0  0  0  0  0]
 [ 0  0  0  1 -1 -1  0  0]
 [ 0  0  0 -1  1  0  0  0]
 [ 1  0  0  0  0  0  0  0]
 [ 0  0  0  0  0  0  0  0]
 [ 0  0  0  0  0  0  0  0]]
Flipping piece
Flipping piece
Flipping piece
Flipping piece
Flipping piece
Flipping piece
Flipping piece
Turn: 3 Player: -1
[[ 0  0  0  0  0  0  0  1]
 [ 1  0  0  0  0  0  0  0]
 [ 0  1  0  0  0  0  0  0]
 [ 0  0  1  1 -1 -1  0  0]
 [ 0  0  0  1  1  0  0  0]
 [ 1  0  0  0  1  0  0  0]
 [ 0  0  0  0  0  1  0  0]
 [ 0  0  0  0  0  0  1  0]]
Turn: 4 Player: 1
[[ 0  0  0  0  0  0  0  1]
 [ 1  0  0 -1  0  0  0  0]
 [ 0  1  0  0  0  0  0  0]
 [ 0  0  1  1 -1 -1  0  0]
 [ 0  0  0  1  1  0  0  0]
 [ 1  0  0  0  1  0  0  0]
 [ 0  0  0  0  0  1  0  0]
 [ 0  0  0  0  0  0  1  0]]
Turn: 5 Player: -1
[[ 0  0  0  0  0  0  0  1]
 [ 1  0  0 -1  0  1  0  0]
 [ 0  1  0  0  0  0  0  0]
 [ 0  0  1  1 -1 -1  0  0]
 [ 0  0  0  1  1  0  0  0]
 [ 1  0  0  0  1  0  0  0]
 [ 0  0  0  0  0  1  0  0]
 [ 0  0  0  0  0  0  1  0]]
Flipping piece
Flipping piece
Flipping piece
Flipping piece
Flipping piece
Flipping piece
Flipping piece
Turn: 6 Player: 1
[[-1  0  0  0  0  0  0  1]
 [ 1 -1  0 -1  0  1  0  0]
 [ 0  1 -1  0  0  0  0  0]
 [ 0  0  1 -1 -1 -1  0  0]
 [ 0  0  0  1 -1  0  0  0]
 [ 1  0  0  0  1 -1  0  0]
 [ 0  0  0  0  0  1 -1  0]
 [ 0  0  0  0  0  0  1 -1]]
Turn: 7 Player: -1
[[-1  0  0  0  0  0  0  1]
 [ 1 -1  0 -1  0  1  0  0]
 [ 0  1 -1  0  0  0  0  0]
 [ 0  0  1 -1 -1 -1  0  0]
 [ 0  0  0  1 -1  0  0  0]
 [ 1  0  0  0  1 -1  0  0]
 [ 0  0  0  0  1  1 -1  0]
 [ 0  0  0  0  0  0  1 -1]]
Turn: 7 Player: -1
[[-1  0  0  0  0  0  0  1]
 [ 1 -1  0 -1  0  1  0  0]
 [ 0  1 -1  0  0  0  0  0]
 [ 0  0  1 -1 -1 -1  0  0]
 [ 0  0  0  1 -1  0  0  0]
 [ 1  0  0  0  1 -1  0  0]
 [ 0  0  0  0  1  1 -1  0]
 [ 0  0  0  0  0  0  1 -1]]
Turn: 7 Player: -1
[[-1  0  0  0  0  0  0  1]
 [ 1 -1  0 -1  0  1  0  0]
 [ 0  1 -1  0  0  0  0  0]
 [ 0  0  1 -1 -1 -1  0  0]
 [ 0  0  0  1 -1  0  0  0]
 [ 1  0  0  0  1 -1  0  0]
 [ 0  0  0  0  1  1 -1  0]
 [ 0  0  0  0  0  0  1 -1]]
Turn: 7 Player: -1
[[-1  0  0  0  0  0  0  1]
 [ 1 -1  0 -1  0  1  0  0]
 [ 0  1 -1  0  0  0  0  0]
 [ 0  0  1 -1 -1 -1  0  0]
 [ 0  0  0  1 -1  0  0  0]
 [ 1  0  0  0  1 -1  0  0]
 [ 0  0  0  0  1  1 -1  0]
 [ 0  0  0  0  0  0  1 -1]]
Turn: 8 Player: 1
[[-1  0  0  0  0  0  0  1]
 [ 1 -1  0 -1  0  1  0  0]
 [ 0  1 -1  0  0  0  0  0]
 [ 0  0  1 -1 -1 -1  0  0]
 [ 0  0  0  1 -1  0  0  0]
 [ 1  0  0  0  1 -1  0  0]
 [ 0  0  0  0  1  1 -1  0]
 [ 0  0  0 -1  0  0  1 -1]]
Turn: 9 Player: -1
[[-1  0  0  0  0  0  0  1]
 [ 1 -1  0 -1  0  1  0  0]
 [ 0  1 -1  0  0  0  0  0]
 [ 0  0  1 -1 -1 -1  0  0]
 [ 0  0  0  1 -1  0  0  0]
 [ 1  0  0  0  1 -1  0  0]
 [ 0  0  0  1  1  1 -1  0]
 [ 0  0  0 -1  0  0  1 -1]]
Turn: 9 Player: -1
[[-1  0  0  0  0  0  0  1]
 [ 1 -1  0 -1  0  1  0  0]
 [ 0  1 -1  0  0  0  0  0]
 [ 0  0  1 -1 -1 -1  0  0]
 [ 0  0  0  1 -1  0  0  0]
 [ 1  0  0  0  1 -1  0  0]
 [ 0  0  0  1  1  1 -1  0]
 [ 0  0  0 -1  0  0  1 -1]]
Turn: 10 Player: 1
[[-1  0  0  0  0  0  0  1]
 [ 1 -1  0 -1  0  1  0  0]
 [ 0  1 -1  0 -1  0  0  0]
 [ 0  0  1 -1 -1 -1  0  0]
 [ 0  0  0  1 -1  0  0  0]
 [ 1  0  0  0  1 -1  0  0]
 [ 0  0  0  1  1  1 -1  0]
 [ 0  0  0 -1  0  0  1 -1]]
Turn: 11 Player: -1
[[-1  0  0  0  0  0  0  1]
 [ 1 -1  0 -1  0  1  0  0]
 [ 0  1 -1  0 -1  0  0  0]
 [ 0  0  1 -1 -1 -1  0  0]
 [ 0  0  1  1 -1  0  0  0]
 [ 1  0  0  0  1 -1  0  0]
 [ 0  0  0  1  1  1 -1  0]
 [ 0  0  0 -1  0  0  1 -1]]
Turn: 11 Player: -1
[[-1  0  0  0  0  0  0  1]
 [ 1 -1  0 -1  0  1  0  0]
 [ 0  1 -1  0 -1  0  0  0]
 [ 0  0  1 -1 -1 -1  0  0]
 [ 0  0  1  1 -1  0  0  0]
 [ 1  0  0  0  1 -1  0  0]
 [ 0  0  0  1  1  1 -1  0]
 [ 0  0  0 -1  0  0  1 -1]]
Flipping piece
Turn: 12 Player: 1
[[-1  0  0  0  0  0  0  1]
 [-1 -1  0 -1  0  1  0  0]
 [-1  1 -1  0 -1  0  0  0]
 [ 0  0  1 -1 -1 -1  0  0]
 [ 0  0  1  1 -1  0  0  0]
 [ 1  0  0  0  1 -1  0  0]
 [ 0  0  0  1  1  1 -1  0]
 [ 0  0  0 -1  0  0  1 -1]]
Turn: 12 Player: 1
[[-1  0  0  0  0  0  0  1]
 [-1 -1  0 -1  0  1  0  0]
 [-1  1 -1  0 -1  0  0  0]
 [ 0  0  1 -1 -1 -1  0  0]
 [ 0  0  1  1 -1  0  0  0]
 [ 1  0  0  0  1 -1  0  0]
 [ 0  0  0  1  1  1 -1  0]
 [ 0  0  0 -1  0  0  1 -1]]
Flipping piece
Flipping piece
Flipping piece
Turn: 13 Player: -1
[[-1  0  0  0  0  0  0  1]
 [-1 -1  0 -1  0  1  0  0]
 [-1  1 -1  0 -1  0  0  0]
 [ 0  0  1  1  1  1  1  0]
 [ 0  0  1  1 -1  0  0  0]
 [ 1  0  0  0  1 -1  0  0]
 [ 0  0  0  1  1  1 -1  0]
 [ 0  0  0 -1  0  0  1 -1]]
Turn: 14 Player: 1
[[-1  0  0  0  0  0  0  1]
 [-1 -1  0 -1  0  1  0  0]
 [-1  1 -1  0 -1  0  0  0]
 [ 0  0  1  1  1  1  1  0]
 [ 0 -1  1  1 -1  0  0  0]
 [ 1  0  0  0  1 -1  0  0]
 [ 0  0  0  1  1  1 -1  0]
 [ 0  0  0 -1  0  0  1 -1]]
Turn: 14 Player: 1
[[-1  0  0  0  0  0  0  1]
 [-1 -1  0 -1  0  1  0  0]
 [-1  1 -1  0 -1  0  0  0]
 [ 0  0  1  1  1  1  1  0]
 [ 0 -1  1  1 -1  0  0  0]
 [ 1  0  0  0  1 -1  0  0]
 [ 0  0  0  1  1  1 -1  0]
 [ 0  0  0 -1  0  0  1 -1]]
Turn: 14 Player: 1
[[-1  0  0  0  0  0  0  1]
 [-1 -1  0 -1  0  1  0  0]
 [-1  1 -1  0 -1  0  0  0]
 [ 0  0  1  1  1  1  1  0]
 [ 0 -1  1  1 -1  0  0  0]
 [ 1  0  0  0  1 -1  0  0]
 [ 0  0  0  1  1  1 -1  0]
 [ 0  0  0 -1  0  0  1 -1]]
Turn: 15 Player: -1
[[-1  0  0  0  0  0  0  1]
 [-1 -1  0 -1  0  1  0  0]
 [-1  1 -1  0 -1  0  0  0]
 [ 0  0  1  1  1  1  1  0]
 [ 0 -1  1  1 -1  0  0  0]
 [ 1  0  0  0  1 -1  0  0]
 [ 0  1  0  1  1  1 -1  0]
 [ 0  0  0 -1  0  0  1 -1]]
Turn: 15 Player: -1
[[-1  0  0  0  0  0  0  1]
 [-1 -1  0 -1  0  1  0  0]
 [-1  1 -1  0 -1  0  0  0]
 [ 0  0  1  1  1  1  1  0]
 [ 0 -1  1  1 -1  0  0  0]
 [ 1  0  0  0  1 -1  0  0]
 [ 0  1  0  1  1  1 -1  0]
 [ 0  0  0 -1  0  0  1 -1]]
Turn: 16 Player: 1
[[-1  0  0  0  0  0  0  1]
 [-1 -1  0 -1  0  1  0  0]
 [-1  1 -1  0 -1  0  0  0]
 [ 0  0  1  1  1  1  1  0]
 [ 0 -1  1  1 -1  0  0  0]
 [ 1  0  0  0  1 -1  0  0]
 [ 0  1  0  1  1  1 -1 -1]
 [ 0  0  0 -1  0  0  1 -1]]
Turn: 16 Player: 1
[[-1  0  0  0  0  0  0  1]
 [-1 -1  0 -1  0  1  0  0]
 [-1  1 -1  0 -1  0  0  0]
 [ 0  0  1  1  1  1  1  0]
 [ 0 -1  1  1 -1  0  0  0]
 [ 1  0  0  0  1 -1  0  0]
 [ 0  1  0  1  1  1 -1 -1]
 [ 0  0  0 -1  0  0  1 -1]]
Turn: 16 Player: 1
[[-1  0  0  0  0  0  0  1]
 [-1 -1  0 -1  0  1  0  0]
 [-1  1 -1  0 -1  0  0  0]
 [ 0  0  1  1  1  1  1  0]
 [ 0 -1  1  1 -1  0  0  0]
 [ 1  0  0  0  1 -1  0  0]
 [ 0  1  0  1  1  1 -1 -1]
 [ 0  0  0 -1  0  0  1 -1]]
Flipping piece
Turn: 17 Player: -1
[[-1  0  0  0  0  0  0  1]
 [-1 -1  0 -1  0  1  0  0]
 [-1  1 -1  0 -1  0  0  0]
 [ 0  0  1  1  1  1  1  0]
 [ 0 -1  1  1 -1  0  0  0]
 [ 1  0  0  0  1  1  1  0]
 [ 0  1  0  1  1  1 -1 -1]
 [ 0  0  0 -1  0  0  1 -1]]
Turn: 17 Player: -1
[[-1  0  0  0  0  0  0  1]
 [-1 -1  0 -1  0  1  0  0]
 [-1  1 -1  0 -1  0  0  0]
 [ 0  0  1  1  1  1  1  0]
 [ 0 -1  1  1 -1  0  0  0]
 [ 1  0  0  0  1  1  1  0]
 [ 0  1  0  1  1  1 -1 -1]
 [ 0  0  0 -1  0  0  1 -1]]
Turn: 17 Player: -1
[[-1  0  0  0  0  0  0  1]
 [-1 -1  0 -1  0  1  0  0]
 [-1  1 -1  0 -1  0  0  0]
 [ 0  0  1  1  1  1  1  0]
 [ 0 -1  1  1 -1  0  0  0]
 [ 1  0  0  0  1  1  1  0]
 [ 0  1  0  1  1  1 -1 -1]
 [ 0  0  0 -1  0  0  1 -1]]
Turn: 17 Player: -1
[[-1  0  0  0  0  0  0  1]
 [-1 -1  0 -1  0  1  0  0]
 [-1  1 -1  0 -1  0  0  0]
 [ 0  0  1  1  1  1  1  0]
 [ 0 -1  1  1 -1  0  0  0]
 [ 1  0  0  0  1  1  1  0]
 [ 0  1  0  1  1  1 -1 -1]
 [ 0  0  0 -1  0  0  1 -1]]
Flipping piece
Turn: 18 Player: 1
[[-1  0  0  0  0  0  0 -1]
 [-1 -1  0 -1  0  1  0 -1]
 [-1  1 -1  0 -1  0  0  0]
 [ 0  0  1  1  1  1  1  0]
 [ 0 -1  1  1 -1  0  0  0]
 [ 1  0  0  0  1  1  1  0]
 [ 0  1  0  1  1  1 -1 -1]
 [ 0  0  0 -1  0  0  1 -1]]
Turn: 18 Player: 1
[[-1  0  0  0  0  0  0 -1]
 [-1 -1  0 -1  0  1  0 -1]
 [-1  1 -1  0 -1  0  0  0]
 [ 0  0  1  1  1  1  1  0]
 [ 0 -1  1  1 -1  0  0  0]
 [ 1  0  0  0  1  1  1  0]
 [ 0  1  0  1  1  1 -1 -1]
 [ 0  0  0 -1  0  0  1 -1]]
Turn: 18 Player: 1
[[-1  0  0  0  0  0  0 -1]
 [-1 -1  0 -1  0  1  0 -1]
 [-1  1 -1  0 -1  0  0  0]
 [ 0  0  1  1  1  1  1  0]
 [ 0 -1  1  1 -1  0  0  0]
 [ 1  0  0  0  1  1  1  0]
 [ 0  1  0  1  1  1 -1 -1]
 [ 0  0  0 -1  0  0  1 -1]]
Flipping piece
Turn: 19 Player: -1
[[-1  0  0  0  0  0  0 -1]
 [-1 -1  0 -1  0  1  0 -1]
 [-1  1 -1  0 -1  0  0  0]
 [ 0  0  1  1  1  1  1  0]
 [ 0 -1  1  1  1  1  0  0]
 [ 1  0  0  0  1  1  1  0]
 [ 0  1  0  1  1  1 -1 -1]
 [ 0  0  0 -1  0  0  1 -1]]
Flipping piece
Flipping piece
Turn: 20 Player: 1
[[-1  0  0  0  0  0  0 -1]
 [-1 -1  0 -1  0  1  0 -1]
 [-1  1 -1  0 -1  0  0  0]
 [ 0  0 -1  1  1  1  1  0]
 [ 0 -1 -1  1  1  1  0  0]
 [ 1  0 -1  0  1  1  1  0]
 [ 0  1  0  1  1  1 -1 -1]
 [ 0  0  0 -1  0  0  1 -1]]
Flipping piece
Flipping piece
Flipping piece
Flipping piece
Flipping piece
Turn: 21 Player: -1
[[-1  0  0  0  0  0  0 -1]
 [-1 -1  0 -1  0  1  0 -1]
 [-1  1 -1  0 -1  0  0  0]
 [ 0  0 -1  1  1  1  1  0]
 [ 0 -1 -1  1  1  1  0  0]
 [ 1  0 -1  0  1  1  1  0]
 [ 0  1  0  1  1  1 -1 -1]
 [ 1  1  1  1  1  0  1  1]]
Turn: 21 Player: -1
[[-1  0  0  0  0  0  0 -1]
 [-1 -1  0 -1  0  1  0 -1]
 [-1  1 -1  0 -1  0  0  0]
 [ 0  0 -1  1  1  1  1  0]
 [ 0 -1 -1  1  1  1  0  0]
 [ 1  0 -1  0  1  1  1  0]
 [ 0  1  0  1  1  1 -1 -1]
 [ 1  1  1  1  1  0  1  1]]
Turn: 21 Player: -1
[[-1  0  0  0  0  0  0 -1]
 [-1 -1  0 -1  0  1  0 -1]
 [-1  1 -1  0 -1  0  0  0]
 [ 0  0 -1  1  1  1  1  0]
 [ 0 -1 -1  1  1  1  0  0]
 [ 1  0 -1  0  1  1  1  0]
 [ 0  1  0  1  1  1 -1 -1]
 [ 1  1  1  1  1  0  1  1]]
Turn: 21 Player: -1
[[-1  0  0  0  0  0  0 -1]
 [-1 -1  0 -1  0  1  0 -1]
 [-1  1 -1  0 -1  0  0  0]
 [ 0  0 -1  1  1  1  1  0]
 [ 0 -1 -1  1  1  1  0  0]
 [ 1  0 -1  0  1  1  1  0]
 [ 0  1  0  1  1  1 -1 -1]
 [ 1  1  1  1  1  0  1  1]]
Turn: 21 Player: -1
[[-1  0  0  0  0  0  0 -1]
 [-1 -1  0 -1  0  1  0 -1]
 [-1  1 -1  0 -1  0  0  0]
 [ 0  0 -1  1  1  1  1  0]
 [ 0 -1 -1  1  1  1  0  0]
 [ 1  0 -1  0  1  1  1  0]
 [ 0  1  0  1  1  1 -1 -1]
 [ 1  1  1  1  1  0  1  1]]
Turn: 22 Player: 1
[[-1  0  0  0  0  0  0 -1]
 [-1 -1  0 -1  0  1  0 -1]
 [-1  1 -1  0 -1  0  0 -1]
 [ 0  0 -1  1  1  1  1  0]
 [ 0 -1 -1  1  1  1  0  0]
 [ 1  0 -1  0  1  1  1  0]
 [ 0  1  0  1  1  1 -1 -1]
 [ 1  1  1  1  1  0  1  1]]
Turn: 22 Player: 1
[[-1  0  0  0  0  0  0 -1]
 [-1 -1  0 -1  0  1  0 -1]
 [-1  1 -1  0 -1  0  0 -1]
 [ 0  0 -1  1  1  1  1  0]
 [ 0 -1 -1  1  1  1  0  0]
 [ 1  0 -1  0  1  1  1  0]
 [ 0  1  0  1  1  1 -1 -1]
 [ 1  1  1  1  1  0  1  1]]
Turn: 22 Player: 1
[[-1  0  0  0  0  0  0 -1]
 [-1 -1  0 -1  0  1  0 -1]
 [-1  1 -1  0 -1  0  0 -1]
 [ 0  0 -1  1  1  1  1  0]
 [ 0 -1 -1  1  1  1  0  0]
 [ 1  0 -1  0  1  1  1  0]
 [ 0  1  0  1  1  1 -1 -1]
 [ 1  1  1  1  1  0  1  1]]
Turn: 22 Player: 1
[[-1  0  0  0  0  0  0 -1]
 [-1 -1  0 -1  0  1  0 -1]
 [-1  1 -1  0 -1  0  0 -1]
 [ 0  0 -1  1  1  1  1  0]
 [ 0 -1 -1  1  1  1  0  0]
 [ 1  0 -1  0  1  1  1  0]
 [ 0  1  0  1  1  1 -1 -1]
 [ 1  1  1  1  1  0  1  1]]
Turn: 22 Player: 1
[[-1  0  0  0  0  0  0 -1]
 [-1 -1  0 -1  0  1  0 -1]
 [-1  1 -1  0 -1  0  0 -1]
 [ 0  0 -1  1  1  1  1  0]
 [ 0 -1 -1  1  1  1  0  0]
 [ 1  0 -1  0  1  1  1  0]
 [ 0  1  0  1  1  1 -1 -1]
 [ 1  1  1  1  1  0  1  1]]
Turn: 22 Player: 1
[[-1  0  0  0  0  0  0 -1]
 [-1 -1  0 -1  0  1  0 -1]
 [-1  1 -1  0 -1  0  0 -1]
 [ 0  0 -1  1  1  1  1  0]
 [ 0 -1 -1  1  1  1  0  0]
 [ 1  0 -1  0  1  1  1  0]
 [ 0  1  0  1  1  1 -1 -1]
 [ 1  1  1  1  1  0  1  1]]
Turn: 22 Player: 1
[[-1  0  0  0  0  0  0 -1]
 [-1 -1  0 -1  0  1  0 -1]
 [-1  1 -1  0 -1  0  0 -1]
 [ 0  0 -1  1  1  1  1  0]
 [ 0 -1 -1  1  1  1  0  0]
 [ 1  0 -1  0  1  1  1  0]
 [ 0  1  0  1  1  1 -1 -1]
 [ 1  1  1  1  1  0  1  1]]
Turn: 22 Player: 1
[[-1  0  0  0  0  0  0 -1]
 [-1 -1  0 -1  0  1  0 -1]
 [-1  1 -1  0 -1  0  0 -1]
 [ 0  0 -1  1  1  1  1  0]
 [ 0 -1 -1  1  1  1  0  0]
 [ 1  0 -1  0  1  1  1  0]
 [ 0  1  0  1  1  1 -1 -1]
 [ 1  1  1  1  1  0  1  1]]
Turn: 22 Player: 1
[[-1  0  0  0  0  0  0 -1]
 [-1 -1  0 -1  0  1  0 -1]
 [-1  1 -1  0 -1  0  0 -1]
 [ 0  0 -1  1  1  1  1  0]
 [ 0 -1 -1  1  1  1  0  0]
 [ 1  0 -1  0  1  1  1  0]
 [ 0  1  0  1  1  1 -1 -1]
 [ 1  1  1  1  1  0  1  1]]
Turn: 23 Player: -1
[[-1  0  0  1  0  0  0 -1]
 [-1 -1  0 -1  0  1  0 -1]
 [-1  1 -1  0 -1  0  0 -1]
 [ 0  0 -1  1  1  1  1  0]
 [ 0 -1 -1  1  1  1  0  0]
 [ 1  0 -1  0  1  1  1  0]
 [ 0  1  0  1  1  1 -1 -1]
 [ 1  1  1  1  1  0  1  1]]
Turn: 24 Player: 1
[[-1  0  0  1  0  0 -1 -1]
 [-1 -1  0 -1  0  1  0 -1]
 [-1  1 -1  0 -1  0  0 -1]
 [ 0  0 -1  1  1  1  1  0]
 [ 0 -1 -1  1  1  1  0  0]
 [ 1  0 -1  0  1  1  1  0]
 [ 0  1  0  1  1  1 -1 -1]
 [ 1  1  1  1  1  0  1  1]]
Turn: 25 Player: -1
[[-1  0  0  1  0  0 -1 -1]
 [-1 -1  0 -1  0  1  0 -1]
 [-1  1 -1  0 -1  0  0 -1]
 [ 0  0 -1  1  1  1  1  0]
 [ 1 -1 -1  1  1  1  0  0]
 [ 1  0 -1  0  1  1  1  0]
 [ 0  1  0  1  1  1 -1 -1]
 [ 1  1  1  1  1  0  1  1]]
Turn: 25 Player: -1
[[-1  0  0  1  0  0 -1 -1]
 [-1 -1  0 -1  0  1  0 -1]
 [-1  1 -1  0 -1  0  0 -1]
 [ 0  0 -1  1  1  1  1  0]
 [ 1 -1 -1  1  1  1  0  0]
 [ 1  0 -1  0  1  1  1  0]
 [ 0  1  0  1  1  1 -1 -1]
 [ 1  1  1  1  1  0  1  1]]
Turn: 25 Player: -1
[[-1  0  0  1  0  0 -1 -1]
 [-1 -1  0 -1  0  1  0 -1]
 [-1  1 -1  0 -1  0  0 -1]
 [ 0  0 -1  1  1  1  1  0]
 [ 1 -1 -1  1  1  1  0  0]
 [ 1  0 -1  0  1  1  1  0]
 [ 0  1  0  1  1  1 -1 -1]
 [ 1  1  1  1  1  0  1  1]]
Flipping piece
Flipping piece
Turn: 26 Player: 1
[[-1  0  0  1  0  0 -1 -1]
 [-1 -1  0 -1  0  1  0 -1]
 [-1  1 -1  0 -1  0  0 -1]
 [ 0  0 -1  1  1  1  1  0]
 [ 1 -1 -1  1  1  1  0  0]
 [ 1  0 -1  0  1  1  1  0]
 [-1 -1 -1  1  1  1 -1 -1]
 [ 1  1  1  1  1  0  1  1]]
Flipping piece
Flipping piece
Flipping piece
Flipping piece
Turn: 27 Player: -1
[[-1  0  0  1  0  0  1 -1]
 [-1 -1  0 -1  0  1  0  1]
 [ 1  1 -1  0 -1  0  0 -1]
 [ 0  1 -1  1  1  1  1  0]
 [ 1 -1 -1  1  1  1  0  0]
 [ 1  0 -1  0  1  1  1  0]
 [-1 -1 -1  1  1  1 -1 -1]
 [ 1  1  1  1  1  1  1  1]]
Turn: 28 Player: 1
[[-1  0 -1  1  0  0  1 -1]
 [-1 -1  0 -1  0  1  0  1]
 [ 1  1 -1  0 -1  0  0 -1]
 [ 0  1 -1  1  1  1  1  0]
 [ 1 -1 -1  1  1  1  0  0]
 [ 1  0 -1  0  1  1  1  0]
 [-1 -1 -1  1  1  1 -1 -1]
 [ 1  1  1  1  1  1  1  1]]
Turn: 28 Player: 1
[[-1  0 -1  1  0  0  1 -1]
 [-1 -1  0 -1  0  1  0  1]
 [ 1  1 -1  0 -1  0  0 -1]
 [ 0  1 -1  1  1  1  1  0]
 [ 1 -1 -1  1  1  1  0  0]
 [ 1  0 -1  0  1  1  1  0]
 [-1 -1 -1  1  1  1 -1 -1]
 [ 1  1  1  1  1  1  1  1]]
Turn: 28 Player: 1
[[-1  0 -1  1  0  0  1 -1]
 [-1 -1  0 -1  0  1  0  1]
 [ 1  1 -1  0 -1  0  0 -1]
 [ 0  1 -1  1  1  1  1  0]
 [ 1 -1 -1  1  1  1  0  0]
 [ 1  0 -1  0  1  1  1  0]
 [-1 -1 -1  1  1  1 -1 -1]
 [ 1  1  1  1  1  1  1  1]]
Turn: 28 Player: 1
[[-1  0 -1  1  0  0  1 -1]
 [-1 -1  0 -1  0  1  0  1]
 [ 1  1 -1  0 -1  0  0 -1]
 [ 0  1 -1  1  1  1  1  0]
 [ 1 -1 -1  1  1  1  0  0]
 [ 1  0 -1  0  1  1  1  0]
 [-1 -1 -1  1  1  1 -1 -1]
 [ 1  1  1  1  1  1  1  1]]
Turn: 28 Player: 1
[[-1  0 -1  1  0  0  1 -1]
 [-1 -1  0 -1  0  1  0  1]
 [ 1  1 -1  0 -1  0  0 -1]
 [ 0  1 -1  1  1  1  1  0]
 [ 1 -1 -1  1  1  1  0  0]
 [ 1  0 -1  0  1  1  1  0]
 [-1 -1 -1  1  1  1 -1 -1]
 [ 1  1  1  1  1  1  1  1]]
Turn: 28 Player: 1
[[-1  0 -1  1  0  0  1 -1]
 [-1 -1  0 -1  0  1  0  1]
 [ 1  1 -1  0 -1  0  0 -1]
 [ 0  1 -1  1  1  1  1  0]
 [ 1 -1 -1  1  1  1  0  0]
 [ 1  0 -1  0  1  1  1  0]
 [-1 -1 -1  1  1  1 -1 -1]
 [ 1  1  1  1  1  1  1  1]]
Turn: 28 Player: 1
[[-1  0 -1  1  0  0  1 -1]
 [-1 -1  0 -1  0  1  0  1]
 [ 1  1 -1  0 -1  0  0 -1]
 [ 0  1 -1  1  1  1  1  0]
 [ 1 -1 -1  1  1  1  0  0]
 [ 1  0 -1  0  1  1  1  0]
 [-1 -1 -1  1  1  1 -1 -1]
 [ 1  1  1  1  1  1  1  1]]
Turn: 28 Player: 1
[[-1  0 -1  1  0  0  1 -1]
 [-1 -1  0 -1  0  1  0  1]
 [ 1  1 -1  0 -1  0  0 -1]
 [ 0  1 -1  1  1  1  1  0]
 [ 1 -1 -1  1  1  1  0  0]
 [ 1  0 -1  0  1  1  1  0]
 [-1 -1 -1  1  1  1 -1 -1]
 [ 1  1  1  1  1  1  1  1]]
Turn: 28 Player: 1
[[-1  0 -1  1  0  0  1 -1]
 [-1 -1  0 -1  0  1  0  1]
 [ 1  1 -1  0 -1  0  0 -1]
 [ 0  1 -1  1  1  1  1  0]
 [ 1 -1 -1  1  1  1  0  0]
 [ 1  0 -1  0  1  1  1  0]
 [-1 -1 -1  1  1  1 -1 -1]
 [ 1  1  1  1  1  1  1  1]]
Turn: 28 Player: 1
[[-1  0 -1  1  0  0  1 -1]
 [-1 -1  0 -1  0  1  0  1]
 [ 1  1 -1  0 -1  0  0 -1]
 [ 0  1 -1  1  1  1  1  0]
 [ 1 -1 -1  1  1  1  0  0]
 [ 1  0 -1  0  1  1  1  0]
 [-1 -1 -1  1  1  1 -1 -1]
 [ 1  1  1  1  1  1  1  1]]
Turn: 28 Player: 1
[[-1  0 -1  1  0  0  1 -1]
 [-1 -1  0 -1  0  1  0  1]
 [ 1  1 -1  0 -1  0  0 -1]
 [ 0  1 -1  1  1  1  1  0]
 [ 1 -1 -1  1  1  1  0  0]
 [ 1  0 -1  0  1  1  1  0]
 [-1 -1 -1  1  1  1 -1 -1]
 [ 1  1  1  1  1  1  1  1]]
Flipping piece
Flipping piece
Flipping piece
Turn: 29 Player: -1
[[-1  0 -1  1  0  0  1 -1]
 [-1 -1  0 -1  0  1  0  1]
 [ 1  1  1  1  1  1  0 -1]
 [ 0  1 -1  1  1  1  1  0]
 [ 1 -1 -1  1  1  1  0  0]
 [ 1  0 -1  0  1  1  1  0]
 [-1 -1 -1  1  1  1 -1 -1]
 [ 1  1  1  1  1  1  1  1]]
Turn: 30 Player: 1
[[-1  0 -1  1  0 -1  1 -1]
 [-1 -1  0 -1  0  1  0  1]
 [ 1  1  1  1  1  1  0 -1]
 [ 0  1 -1  1  1  1  1  0]
 [ 1 -1 -1  1  1  1  0  0]
 [ 1  0 -1  0  1  1  1  0]
 [-1 -1 -1  1  1  1 -1 -1]
 [ 1  1  1  1  1  1  1  1]]
Turn: 31 Player: -1
[[-1  0 -1  1  0 -1  1 -1]
 [-1 -1  0 -1  0  1  0  1]
 [ 1  1  1  1  1  1  0 -1]
 [ 0  1 -1  1  1  1  1  0]
 [ 1 -1 -1  1  1  1  0  0]
 [ 1  0 -1  0  1  1  1  1]
 [-1 -1 -1  1  1  1 -1 -1]
 [ 1  1  1  1  1  1  1  1]]
Turn: 31 Player: -1
[[-1  0 -1  1  0 -1  1 -1]
 [-1 -1  0 -1  0  1  0  1]
 [ 1  1  1  1  1  1  0 -1]
 [ 0  1 -1  1  1  1  1  0]
 [ 1 -1 -1  1  1  1  0  0]
 [ 1  0 -1  0  1  1  1  1]
 [-1 -1 -1  1  1  1 -1 -1]
 [ 1  1  1  1  1  1  1  1]]
Flipping piece
Flipping piece
Flipping piece
Flipping piece
Flipping piece
Flipping piece
Turn: 32 Player: 1
[[-1  0 -1  1  0 -1  1 -1]
 [-1 -1  0 -1  0  1  0  1]
 [-1 -1 -1 -1  1  1  0 -1]
 [ 0  1 -1 -1  1  1  1  0]
 [ 1 -1 -1 -1  1  1  0  0]
 [ 1  0 -1 -1  1  1  1  1]
 [-1 -1 -1  1  1  1 -1 -1]
 [ 1  1  1  1  1  1  1  1]]
Turn: 32 Player: 1
[[-1  0 -1  1  0 -1  1 -1]
 [-1 -1  0 -1  0  1  0  1]
 [-1 -1 -1 -1  1  1  0 -1]
 [ 0  1 -1 -1  1  1  1  0]
 [ 1 -1 -1 -1  1  1  0  0]
 [ 1  0 -1 -1  1  1  1  1]
 [-1 -1 -1  1  1  1 -1 -1]
 [ 1  1  1  1  1  1  1  1]]
Turn: 33 Player: -1
[[-1  0 -1  1  0 -1  1 -1]
 [-1 -1  0 -1  0  1  0  1]
 [-1 -1 -1 -1  1  1  0 -1]
 [ 0  1 -1 -1  1  1  1  0]
 [ 1 -1 -1 -1  1  1  1  0]
 [ 1  0 -1 -1  1  1  1  1]
 [-1 -1 -1  1  1  1 -1 -1]
 [ 1  1  1  1  1  1  1  1]]
Turn: 33 Player: -1
[[-1  0 -1  1  0 -1  1 -1]
 [-1 -1  0 -1  0  1  0  1]
 [-1 -1 -1 -1  1  1  0 -1]
 [ 0  1 -1 -1  1  1  1  0]
 [ 1 -1 -1 -1  1  1  1  0]
 [ 1  0 -1 -1  1  1  1  1]
 [-1 -1 -1  1  1  1 -1 -1]
 [ 1  1  1  1  1  1  1  1]]
Turn: 33 Player: -1
[[-1  0 -1  1  0 -1  1 -1]
 [-1 -1  0 -1  0  1  0  1]
 [-1 -1 -1 -1  1  1  0 -1]
 [ 0  1 -1 -1  1  1  1  0]
 [ 1 -1 -1 -1  1  1  1  0]
 [ 1  0 -1 -1  1  1  1  1]
 [-1 -1 -1  1  1  1 -1 -1]
 [ 1  1  1  1  1  1  1  1]]
Turn: 33 Player: -1
[[-1  0 -1  1  0 -1  1 -1]
 [-1 -1  0 -1  0  1  0  1]
 [-1 -1 -1 -1  1  1  0 -1]
 [ 0  1 -1 -1  1  1  1  0]
 [ 1 -1 -1 -1  1  1  1  0]
 [ 1  0 -1 -1  1  1  1  1]
 [-1 -1 -1  1  1  1 -1 -1]
 [ 1  1  1  1  1  1  1  1]]
Turn: 33 Player: -1
[[-1  0 -1  1  0 -1  1 -1]
 [-1 -1  0 -1  0  1  0  1]
 [-1 -1 -1 -1  1  1  0 -1]
 [ 0  1 -1 -1  1  1  1  0]
 [ 1 -1 -1 -1  1  1  1  0]
 [ 1  0 -1 -1  1  1  1  1]
 [-1 -1 -1  1  1  1 -1 -1]
 [ 1  1  1  1  1  1  1  1]]
Turn: 33 Player: -1
[[-1  0 -1  1  0 -1  1 -1]
 [-1 -1  0 -1  0  1  0  1]
 [-1 -1 -1 -1  1  1  0 -1]
 [ 0  1 -1 -1  1  1  1  0]
 [ 1 -1 -1 -1  1  1  1  0]
 [ 1  0 -1 -1  1  1  1  1]
 [-1 -1 -1  1  1  1 -1 -1]
 [ 1  1  1  1  1  1  1  1]]
Turn: 33 Player: -1
[[-1  0 -1  1  0 -1  1 -1]
 [-1 -1  0 -1  0  1  0  1]
 [-1 -1 -1 -1  1  1  0 -1]
 [ 0  1 -1 -1  1  1  1  0]
 [ 1 -1 -1 -1  1  1  1  0]
 [ 1  0 -1 -1  1  1  1  1]
 [-1 -1 -1  1  1  1 -1 -1]
 [ 1  1  1  1  1  1  1  1]]
Turn: 33 Player: -1
[[-1  0 -1  1  0 -1  1 -1]
 [-1 -1  0 -1  0  1  0  1]
 [-1 -1 -1 -1  1  1  0 -1]
 [ 0  1 -1 -1  1  1  1  0]
 [ 1 -1 -1 -1  1  1  1  0]
 [ 1  0 -1 -1  1  1  1  1]
 [-1 -1 -1  1  1  1 -1 -1]
 [ 1  1  1  1  1  1  1  1]]
Turn: 33 Player: -1
[[-1  0 -1  1  0 -1  1 -1]
 [-1 -1  0 -1  0  1  0  1]
 [-1 -1 -1 -1  1  1  0 -1]
 [ 0  1 -1 -1  1  1  1  0]
 [ 1 -1 -1 -1  1  1  1  0]
 [ 1  0 -1 -1  1  1  1  1]
 [-1 -1 -1  1  1  1 -1 -1]
 [ 1  1  1  1  1  1  1  1]]
Turn: 33 Player: -1
[[-1  0 -1  1  0 -1  1 -1]
 [-1 -1  0 -1  0  1  0  1]
 [-1 -1 -1 -1  1  1  0 -1]
 [ 0  1 -1 -1  1  1  1  0]
 [ 1 -1 -1 -1  1  1  1  0]
 [ 1  0 -1 -1  1  1  1  1]
 [-1 -1 -1  1  1  1 -1 -1]
 [ 1  1  1  1  1  1  1  1]]
Turn: 33 Player: -1
[[-1  0 -1  1  0 -1  1 -1]
 [-1 -1  0 -1  0  1  0  1]
 [-1 -1 -1 -1  1  1  0 -1]
 [ 0  1 -1 -1  1  1  1  0]
 [ 1 -1 -1 -1  1  1  1  0]
 [ 1  0 -1 -1  1  1  1  1]
 [-1 -1 -1  1  1  1 -1 -1]
 [ 1  1  1  1  1  1  1  1]]
Turn: 33 Player: -1
[[-1  0 -1  1  0 -1  1 -1]
 [-1 -1  0 -1  0  1  0  1]
 [-1 -1 -1 -1  1  1  0 -1]
 [ 0  1 -1 -1  1  1  1  0]
 [ 1 -1 -1 -1  1  1  1  0]
 [ 1  0 -1 -1  1  1  1  1]
 [-1 -1 -1  1  1  1 -1 -1]
 [ 1  1  1  1  1  1  1  1]]
Turn: 34 Player: 1
[[-1  0 -1  1  0 -1  1 -1]
 [-1 -1  0 -1  0  1  0  1]
 [-1 -1 -1 -1  1  1  0 -1]
 [-1  1 -1 -1  1  1  1  0]
 [ 1 -1 -1 -1  1  1  1  0]
 [ 1  0 -1 -1  1  1  1  1]
 [-1 -1 -1  1  1  1 -1 -1]
 [ 1  1  1  1  1  1  1  1]]
Turn: 35 Player: -1
[[-1  0 -1  1  0 -1  1 -1]
 [-1 -1  0 -1  0  1  0  1]
 [-1 -1 -1 -1  1  1  0 -1]
 [-1  1 -1 -1  1  1  1  0]
 [ 1 -1 -1 -1  1  1  1  1]
 [ 1  0 -1 -1  1  1  1  1]
 [-1 -1 -1  1  1  1 -1 -1]
 [ 1  1  1  1  1  1  1  1]]
Turn: 35 Player: -1
[[-1  0 -1  1  0 -1  1 -1]
 [-1 -1  0 -1  0  1  0  1]
 [-1 -1 -1 -1  1  1  0 -1]
 [-1  1 -1 -1  1  1  1  0]
 [ 1 -1 -1 -1  1  1  1  1]
 [ 1  0 -1 -1  1  1  1  1]
 [-1 -1 -1  1  1  1 -1 -1]
 [ 1  1  1  1  1  1  1  1]]
Turn: 35 Player: -1
[[-1  0 -1  1  0 -1  1 -1]
 [-1 -1  0 -1  0  1  0  1]
 [-1 -1 -1 -1  1  1  0 -1]
 [-1  1 -1 -1  1  1  1  0]
 [ 1 -1 -1 -1  1  1  1  1]
 [ 1  0 -1 -1  1  1  1  1]
 [-1 -1 -1  1  1  1 -1 -1]
 [ 1  1  1  1  1  1  1  1]]
Turn: 35 Player: -1
[[-1  0 -1  1  0 -1  1 -1]
 [-1 -1  0 -1  0  1  0  1]
 [-1 -1 -1 -1  1  1  0 -1]
 [-1  1 -1 -1  1  1  1  0]
 [ 1 -1 -1 -1  1  1  1  1]
 [ 1  0 -1 -1  1  1  1  1]
 [-1 -1 -1  1  1  1 -1 -1]
 [ 1  1  1  1  1  1  1  1]]
Turn: 35 Player: -1
[[-1  0 -1  1  0 -1  1 -1]
 [-1 -1  0 -1  0  1  0  1]
 [-1 -1 -1 -1  1  1  0 -1]
 [-1  1 -1 -1  1  1  1  0]
 [ 1 -1 -1 -1  1  1  1  1]
 [ 1  0 -1 -1  1  1  1  1]
 [-1 -1 -1  1  1  1 -1 -1]
 [ 1  1  1  1  1  1  1  1]]
Turn: 35 Player: -1
[[-1  0 -1  1  0 -1  1 -1]
 [-1 -1  0 -1  0  1  0  1]
 [-1 -1 -1 -1  1  1  0 -1]
 [-1  1 -1 -1  1  1  1  0]
 [ 1 -1 -1 -1  1  1  1  1]
 [ 1  0 -1 -1  1  1  1  1]
 [-1 -1 -1  1  1  1 -1 -1]
 [ 1  1  1  1  1  1  1  1]]
Turn: 35 Player: -1
[[-1  0 -1  1  0 -1  1 -1]
 [-1 -1  0 -1  0  1  0  1]
 [-1 -1 -1 -1  1  1  0 -1]
 [-1  1 -1 -1  1  1  1  0]
 [ 1 -1 -1 -1  1  1  1  1]
 [ 1  0 -1 -1  1  1  1  1]
 [-1 -1 -1  1  1  1 -1 -1]
 [ 1  1  1  1  1  1  1  1]]
Turn: 35 Player: -1
[[-1  0 -1  1  0 -1  1 -1]
 [-1 -1  0 -1  0  1  0  1]
 [-1 -1 -1 -1  1  1  0 -1]
 [-1  1 -1 -1  1  1  1  0]
 [ 1 -1 -1 -1  1  1  1  1]
 [ 1  0 -1 -1  1  1  1  1]
 [-1 -1 -1  1  1  1 -1 -1]
 [ 1  1  1  1  1  1  1  1]]
Turn: 35 Player: -1
[[-1  0 -1  1  0 -1  1 -1]
 [-1 -1  0 -1  0  1  0  1]
 [-1 -1 -1 -1  1  1  0 -1]
 [-1  1 -1 -1  1  1  1  0]
 [ 1 -1 -1 -1  1  1  1  1]
 [ 1  0 -1 -1  1  1  1  1]
 [-1 -1 -1  1  1  1 -1 -1]
 [ 1  1  1  1  1  1  1  1]]
Turn: 35 Player: -1
[[-1  0 -1  1  0 -1  1 -1]
 [-1 -1  0 -1  0  1  0  1]
 [-1 -1 -1 -1  1  1  0 -1]
 [-1  1 -1 -1  1  1  1  0]
 [ 1 -1 -1 -1  1  1  1  1]
 [ 1  0 -1 -1  1  1  1  1]
 [-1 -1 -1  1  1  1 -1 -1]
 [ 1  1  1  1  1  1  1  1]]
Turn: 35 Player: -1
[[-1  0 -1  1  0 -1  1 -1]
 [-1 -1  0 -1  0  1  0  1]
 [-1 -1 -1 -1  1  1  0 -1]
 [-1  1 -1 -1  1  1  1  0]
 [ 1 -1 -1 -1  1  1  1  1]
 [ 1  0 -1 -1  1  1  1  1]
 [-1 -1 -1  1  1  1 -1 -1]
 [ 1  1  1  1  1  1  1  1]]
Turn: 35 Player: -1
[[-1  0 -1  1  0 -1  1 -1]
 [-1 -1  0 -1  0  1  0  1]
 [-1 -1 -1 -1  1  1  0 -1]
 [-1  1 -1 -1  1  1  1  0]
 [ 1 -1 -1 -1  1  1  1  1]
 [ 1  0 -1 -1  1  1  1  1]
 [-1 -1 -1  1  1  1 -1 -1]
 [ 1  1  1  1  1  1  1  1]]
Turn: 35 Player: -1
[[-1  0 -1  1  0 -1  1 -1]
 [-1 -1  0 -1  0  1  0  1]
 [-1 -1 -1 -1  1  1  0 -1]
 [-1  1 -1 -1  1  1  1  0]
 [ 1 -1 -1 -1  1  1  1  1]
 [ 1  0 -1 -1  1  1  1  1]
 [-1 -1 -1  1  1  1 -1 -1]
 [ 1  1  1  1  1  1  1  1]]
Flipping piece
Flipping piece
Turn: 36 Player: 1
[[-1  0 -1 -1  0 -1  1 -1]
 [-1 -1  0 -1 -1  1  0  1]
 [-1 -1 -1 -1  1  1  0 -1]
 [-1  1 -1 -1  1  1  1  0]
 [ 1 -1 -1 -1  1  1  1  1]
 [ 1  0 -1 -1  1  1  1  1]
 [-1 -1 -1  1  1  1 -1 -1]
 [ 1  1 -1  1  1  1  1  1]]
Turn: 36 Player: 1
[[-1  0 -1 -1  0 -1  1 -1]
 [-1 -1  0 -1 -1  1  0  1]
 [-1 -1 -1 -1  1  1  0 -1]
 [-1  1 -1 -1  1  1  1  0]
 [ 1 -1 -1 -1  1  1  1  1]
 [ 1  0 -1 -1  1  1  1  1]
 [-1 -1 -1  1  1  1 -1 -1]
 [ 1  1 -1  1  1  1  1  1]]
Flipping piece
Flipping piece
Turn: 37 Player: -1
[[ 1  1 -1 -1  0 -1  1  1]
 [-1 -1  0 -1 -1  1  0  1]
 [-1 -1 -1 -1  1  1  0 -1]
 [-1  1 -1 -1  1  1  1  0]
 [ 1 -1 -1 -1  1  1  1  1]
 [ 1  0 -1 -1  1  1  1  1]
 [-1 -1 -1  1  1  1 -1 -1]
 [ 1  1 -1  1  1  1  1  1]]
Turn: 37 Player: -1
[[ 1  1 -1 -1  0 -1  1  1]
 [-1 -1  0 -1 -1  1  0  1]
 [-1 -1 -1 -1  1  1  0 -1]
 [-1  1 -1 -1  1  1  1  0]
 [ 1 -1 -1 -1  1  1  1  1]
 [ 1  0 -1 -1  1  1  1  1]
 [-1 -1 -1  1  1  1 -1 -1]
 [ 1  1 -1  1  1  1  1  1]]
Turn: 37 Player: -1
[[ 1  1 -1 -1  0 -1  1  1]
 [-1 -1  0 -1 -1  1  0  1]
 [-1 -1 -1 -1  1  1  0 -1]
 [-1  1 -1 -1  1  1  1  0]
 [ 1 -1 -1 -1  1  1  1  1]
 [ 1  0 -1 -1  1  1  1  1]
 [-1 -1 -1  1  1  1 -1 -1]
 [ 1  1 -1  1  1  1  1  1]]
Turn: 37 Player: -1
[[ 1  1 -1 -1  0 -1  1  1]
 [-1 -1  0 -1 -1  1  0  1]
 [-1 -1 -1 -1  1  1  0 -1]
 [-1  1 -1 -1  1  1  1  0]
 [ 1 -1 -1 -1  1  1  1  1]
 [ 1  0 -1 -1  1  1  1  1]
 [-1 -1 -1  1  1  1 -1 -1]
 [ 1  1 -1  1  1  1  1  1]]
Turn: 37 Player: -1
[[ 1  1 -1 -1  0 -1  1  1]
 [-1 -1  0 -1 -1  1  0  1]
 [-1 -1 -1 -1  1  1  0 -1]
 [-1  1 -1 -1  1  1  1  0]
 [ 1 -1 -1 -1  1  1  1  1]
 [ 1  0 -1 -1  1  1  1  1]
 [-1 -1 -1  1  1  1 -1 -1]
 [ 1  1 -1  1  1  1  1  1]]
Turn: 37 Player: -1
[[ 1  1 -1 -1  0 -1  1  1]
 [-1 -1  0 -1 -1  1  0  1]
 [-1 -1 -1 -1  1  1  0 -1]
 [-1  1 -1 -1  1  1  1  0]
 [ 1 -1 -1 -1  1  1  1  1]
 [ 1  0 -1 -1  1  1  1  1]
 [-1 -1 -1  1  1  1 -1 -1]
 [ 1  1 -1  1  1  1  1  1]]
Turn: 37 Player: -1
[[ 1  1 -1 -1  0 -1  1  1]
 [-1 -1  0 -1 -1  1  0  1]
 [-1 -1 -1 -1  1  1  0 -1]
 [-1  1 -1 -1  1  1  1  0]
 [ 1 -1 -1 -1  1  1  1  1]
 [ 1  0 -1 -1  1  1  1  1]
 [-1 -1 -1  1  1  1 -1 -1]
 [ 1  1 -1  1  1  1  1  1]]
Turn: 37 Player: -1
[[ 1  1 -1 -1  0 -1  1  1]
 [-1 -1  0 -1 -1  1  0  1]
 [-1 -1 -1 -1  1  1  0 -1]
 [-1  1 -1 -1  1  1  1  0]
 [ 1 -1 -1 -1  1  1  1  1]
 [ 1  0 -1 -1  1  1  1  1]
 [-1 -1 -1  1  1  1 -1 -1]
 [ 1  1 -1  1  1  1  1  1]]
Turn: 37 Player: -1
[[ 1  1 -1 -1  0 -1  1  1]
 [-1 -1  0 -1 -1  1  0  1]
 [-1 -1 -1 -1  1  1  0 -1]
 [-1  1 -1 -1  1  1  1  0]
 [ 1 -1 -1 -1  1  1  1  1]
 [ 1  0 -1 -1  1  1  1  1]
 [-1 -1 -1  1  1  1 -1 -1]
 [ 1  1 -1  1  1  1  1  1]]
Turn: 37 Player: -1
[[ 1  1 -1 -1  0 -1  1  1]
 [-1 -1  0 -1 -1  1  0  1]
 [-1 -1 -1 -1  1  1  0 -1]
 [-1  1 -1 -1  1  1  1  0]
 [ 1 -1 -1 -1  1  1  1  1]
 [ 1  0 -1 -1  1  1  1  1]
 [-1 -1 -1  1  1  1 -1 -1]
 [ 1  1 -1  1  1  1  1  1]]
Turn: 37 Player: -1
[[ 1  1 -1 -1  0 -1  1  1]
 [-1 -1  0 -1 -1  1  0  1]
 [-1 -1 -1 -1  1  1  0 -1]
 [-1  1 -1 -1  1  1  1  0]
 [ 1 -1 -1 -1  1  1  1  1]
 [ 1  0 -1 -1  1  1  1  1]
 [-1 -1 -1  1  1  1 -1 -1]
 [ 1  1 -1  1  1  1  1  1]]
Turn: 37 Player: -1
[[ 1  1 -1 -1  0 -1  1  1]
 [-1 -1  0 -1 -1  1  0  1]
 [-1 -1 -1 -1  1  1  0 -1]
 [-1  1 -1 -1  1  1  1  0]
 [ 1 -1 -1 -1  1  1  1  1]
 [ 1  0 -1 -1  1  1  1  1]
 [-1 -1 -1  1  1  1 -1 -1]
 [ 1  1 -1  1  1  1  1  1]]
Flipping piece
Flipping piece
Turn: 38 Player: 1
[[ 1 -1 -1 -1  0 -1  1  1]
 [-1 -1 -1 -1 -1  1  0  1]
 [-1 -1 -1 -1  1  1  0 -1]
 [-1  1 -1 -1  1  1  1  0]
 [ 1 -1 -1 -1  1  1  1  1]
 [ 1  0 -1 -1  1  1  1  1]
 [-1 -1 -1  1  1  1 -1 -1]
 [-1  1 -1  1  1  1  1  1]]
Turn: 38 Player: 1
[[ 1 -1 -1 -1  0 -1  1  1]
 [-1 -1 -1 -1 -1  1  0  1]
 [-1 -1 -1 -1  1  1  0 -1]
 [-1  1 -1 -1  1  1  1  0]
 [ 1 -1 -1 -1  1  1  1  1]
 [ 1  0 -1 -1  1  1  1  1]
 [-1 -1 -1  1  1  1 -1 -1]
 [-1  1 -1  1  1  1  1  1]]
Turn: 38 Player: 1
[[ 1 -1 -1 -1  0 -1  1  1]
 [-1 -1 -1 -1 -1  1  0  1]
 [-1 -1 -1 -1  1  1  0 -1]
 [-1  1 -1 -1  1  1  1  0]
 [ 1 -1 -1 -1  1  1  1  1]
 [ 1  0 -1 -1  1  1  1  1]
 [-1 -1 -1  1  1  1 -1 -1]
 [-1  1 -1  1  1  1  1  1]]
Turn: 38 Player: 1
[[ 1 -1 -1 -1  0 -1  1  1]
 [-1 -1 -1 -1 -1  1  0  1]
 [-1 -1 -1 -1  1  1  0 -1]
 [-1  1 -1 -1  1  1  1  0]
 [ 1 -1 -1 -1  1  1  1  1]
 [ 1  0 -1 -1  1  1  1  1]
 [-1 -1 -1  1  1  1 -1 -1]
 [-1  1 -1  1  1  1  1  1]]
Turn: 38 Player: 1
[[ 1 -1 -1 -1  0 -1  1  1]
 [-1 -1 -1 -1 -1  1  0  1]
 [-1 -1 -1 -1  1  1  0 -1]
 [-1  1 -1 -1  1  1  1  0]
 [ 1 -1 -1 -1  1  1  1  1]
 [ 1  0 -1 -1  1  1  1  1]
 [-1 -1 -1  1  1  1 -1 -1]
 [-1  1 -1  1  1  1  1  1]]
Turn: 38 Player: 1
[[ 1 -1 -1 -1  0 -1  1  1]
 [-1 -1 -1 -1 -1  1  0  1]
 [-1 -1 -1 -1  1  1  0 -1]
 [-1  1 -1 -1  1  1  1  0]
 [ 1 -1 -1 -1  1  1  1  1]
 [ 1  0 -1 -1  1  1  1  1]
 [-1 -1 -1  1  1  1 -1 -1]
 [-1  1 -1  1  1  1  1  1]]
Turn: 38 Player: 1
[[ 1 -1 -1 -1  0 -1  1  1]
 [-1 -1 -1 -1 -1  1  0  1]
 [-1 -1 -1 -1  1  1  0 -1]
 [-1  1 -1 -1  1  1  1  0]
 [ 1 -1 -1 -1  1  1  1  1]
 [ 1  0 -1 -1  1  1  1  1]
 [-1 -1 -1  1  1  1 -1 -1]
 [-1  1 -1  1  1  1  1  1]]
Turn: 38 Player: 1
[[ 1 -1 -1 -1  0 -1  1  1]
 [-1 -1 -1 -1 -1  1  0  1]
 [-1 -1 -1 -1  1  1  0 -1]
 [-1  1 -1 -1  1  1  1  0]
 [ 1 -1 -1 -1  1  1  1  1]
 [ 1  0 -1 -1  1  1  1  1]
 [-1 -1 -1  1  1  1 -1 -1]
 [-1  1 -1  1  1  1  1  1]]
Turn: 38 Player: 1
[[ 1 -1 -1 -1  0 -1  1  1]
 [-1 -1 -1 -1 -1  1  0  1]
 [-1 -1 -1 -1  1  1  0 -1]
 [-1  1 -1 -1  1  1  1  0]
 [ 1 -1 -1 -1  1  1  1  1]
 [ 1  0 -1 -1  1  1  1  1]
 [-1 -1 -1  1  1  1 -1 -1]
 [-1  1 -1  1  1  1  1  1]]
Turn: 38 Player: 1
[[ 1 -1 -1 -1  0 -1  1  1]
 [-1 -1 -1 -1 -1  1  0  1]
 [-1 -1 -1 -1  1  1  0 -1]
 [-1  1 -1 -1  1  1  1  0]
 [ 1 -1 -1 -1  1  1  1  1]
 [ 1  0 -1 -1  1  1  1  1]
 [-1 -1 -1  1  1  1 -1 -1]
 [-1  1 -1  1  1  1  1  1]]
Turn: 38 Player: 1
[[ 1 -1 -1 -1  0 -1  1  1]
 [-1 -1 -1 -1 -1  1  0  1]
 [-1 -1 -1 -1  1  1  0 -1]
 [-1  1 -1 -1  1  1  1  0]
 [ 1 -1 -1 -1  1  1  1  1]
 [ 1  0 -1 -1  1  1  1  1]
 [-1 -1 -1  1  1  1 -1 -1]
 [-1  1 -1  1  1  1  1  1]]
Turn: 38 Player: 1
[[ 1 -1 -1 -1  0 -1  1  1]
 [-1 -1 -1 -1 -1  1  0  1]
 [-1 -1 -1 -1  1  1  0 -1]
 [-1  1 -1 -1  1  1  1  0]
 [ 1 -1 -1 -1  1  1  1  1]
 [ 1  0 -1 -1  1  1  1  1]
 [-1 -1 -1  1  1  1 -1 -1]
 [-1  1 -1  1  1  1  1  1]]
Flipping piece
Turn: 39 Player: -1
[[ 1 -1 -1 -1  0  1  1  1]
 [-1 -1 -1 -1 -1  1  1  1]
 [-1 -1 -1 -1  1  1  0 -1]
 [-1  1 -1 -1  1  1  1  0]
 [ 1 -1 -1 -1  1  1  1  1]
 [ 1  0 -1 -1  1  1  1  1]
 [-1 -1 -1  1  1  1 -1 -1]
 [-1  1 -1  1  1  1  1  1]]
Turn: 39 Player: -1
[[ 1 -1 -1 -1  0  1  1  1]
 [-1 -1 -1 -1 -1  1  1  1]
 [-1 -1 -1 -1  1  1  0 -1]
 [-1  1 -1 -1  1  1  1  0]
 [ 1 -1 -1 -1  1  1  1  1]
 [ 1  0 -1 -1  1  1  1  1]
 [-1 -1 -1  1  1  1 -1 -1]
 [-1  1 -1  1  1  1  1  1]]
Turn: 39 Player: -1
[[ 1 -1 -1 -1  0  1  1  1]
 [-1 -1 -1 -1 -1  1  1  1]
 [-1 -1 -1 -1  1  1  0 -1]
 [-1  1 -1 -1  1  1  1  0]
 [ 1 -1 -1 -1  1  1  1  1]
 [ 1  0 -1 -1  1  1  1  1]
 [-1 -1 -1  1  1  1 -1 -1]
 [-1  1 -1  1  1  1  1  1]]
Turn: 39 Player: -1
[[ 1 -1 -1 -1  0  1  1  1]
 [-1 -1 -1 -1 -1  1  1  1]
 [-1 -1 -1 -1  1  1  0 -1]
 [-1  1 -1 -1  1  1  1  0]
 [ 1 -1 -1 -1  1  1  1  1]
 [ 1  0 -1 -1  1  1  1  1]
 [-1 -1 -1  1  1  1 -1 -1]
 [-1  1 -1  1  1  1  1  1]]
Turn: 39 Player: -1
[[ 1 -1 -1 -1  0  1  1  1]
 [-1 -1 -1 -1 -1  1  1  1]
 [-1 -1 -1 -1  1  1  0 -1]
 [-1  1 -1 -1  1  1  1  0]
 [ 1 -1 -1 -1  1  1  1  1]
 [ 1  0 -1 -1  1  1  1  1]
 [-1 -1 -1  1  1  1 -1 -1]
 [-1  1 -1  1  1  1  1  1]]
Turn: 39 Player: -1
[[ 1 -1 -1 -1  0  1  1  1]
 [-1 -1 -1 -1 -1  1  1  1]
 [-1 -1 -1 -1  1  1  0 -1]
 [-1  1 -1 -1  1  1  1  0]
 [ 1 -1 -1 -1  1  1  1  1]
 [ 1  0 -1 -1  1  1  1  1]
 [-1 -1 -1  1  1  1 -1 -1]
 [-1  1 -1  1  1  1  1  1]]
Turn: 40 Player: 1
[[ 1 -1 -1 -1 -1  1  1  1]
 [-1 -1 -1 -1 -1  1  1  1]
 [-1 -1 -1 -1  1  1  0 -1]
 [-1  1 -1 -1  1  1  1  0]
 [ 1 -1 -1 -1  1  1  1  1]
 [ 1  0 -1 -1  1  1  1  1]
 [-1 -1 -1  1  1  1 -1 -1]
 [-1  1 -1  1  1  1  1  1]]
Turn: 40 Player: 1
[[ 1 -1 -1 -1 -1  1  1  1]
 [-1 -1 -1 -1 -1  1  1  1]
 [-1 -1 -1 -1  1  1  0 -1]
 [-1  1 -1 -1  1  1  1  0]
 [ 1 -1 -1 -1  1  1  1  1]
 [ 1  0 -1 -1  1  1  1  1]
 [-1 -1 -1  1  1  1 -1 -1]
 [-1  1 -1  1  1  1  1  1]]
Turn: 40 Player: 1
[[ 1 -1 -1 -1 -1  1  1  1]
 [-1 -1 -1 -1 -1  1  1  1]
 [-1 -1 -1 -1  1  1  0 -1]
 [-1  1 -1 -1  1  1  1  0]
 [ 1 -1 -1 -1  1  1  1  1]
 [ 1  0 -1 -1  1  1  1  1]
 [-1 -1 -1  1  1  1 -1 -1]
 [-1  1 -1  1  1  1  1  1]]
Turn: 40 Player: 1
[[ 1 -1 -1 -1 -1  1  1  1]
 [-1 -1 -1 -1 -1  1  1  1]
 [-1 -1 -1 -1  1  1  0 -1]
 [-1  1 -1 -1  1  1  1  0]
 [ 1 -1 -1 -1  1  1  1  1]
 [ 1  0 -1 -1  1  1  1  1]
 [-1 -1 -1  1  1  1 -1 -1]
 [-1  1 -1  1  1  1  1  1]]
Turn: 40 Player: 1
[[ 1 -1 -1 -1 -1  1  1  1]
 [-1 -1 -1 -1 -1  1  1  1]
 [-1 -1 -1 -1  1  1  0 -1]
 [-1  1 -1 -1  1  1  1  0]
 [ 1 -1 -1 -1  1  1  1  1]
 [ 1  0 -1 -1  1  1  1  1]
 [-1 -1 -1  1  1  1 -1 -1]
 [-1  1 -1  1  1  1  1  1]]
Turn: 40 Player: 1
[[ 1 -1 -1 -1 -1  1  1  1]
 [-1 -1 -1 -1 -1  1  1  1]
 [-1 -1 -1 -1  1  1  0 -1]
 [-1  1 -1 -1  1  1  1  0]
 [ 1 -1 -1 -1  1  1  1  1]
 [ 1  0 -1 -1  1  1  1  1]
 [-1 -1 -1  1  1  1 -1 -1]
 [-1  1 -1  1  1  1  1  1]]
Turn: 40 Player: 1
[[ 1 -1 -1 -1 -1  1  1  1]
 [-1 -1 -1 -1 -1  1  1  1]
 [-1 -1 -1 -1  1  1  0 -1]
 [-1  1 -1 -1  1  1  1  0]
 [ 1 -1 -1 -1  1  1  1  1]
 [ 1  0 -1 -1  1  1  1  1]
 [-1 -1 -1  1  1  1 -1 -1]
 [-1  1 -1  1  1  1  1  1]]
Turn: 40 Player: 1
[[ 1 -1 -1 -1 -1  1  1  1]
 [-1 -1 -1 -1 -1  1  1  1]
 [-1 -1 -1 -1  1  1  0 -1]
 [-1  1 -1 -1  1  1  1  0]
 [ 1 -1 -1 -1  1  1  1  1]
 [ 1  0 -1 -1  1  1  1  1]
 [-1 -1 -1  1  1  1 -1 -1]
 [-1  1 -1  1  1  1  1  1]]
Turn: 40 Player: 1
[[ 1 -1 -1 -1 -1  1  1  1]
 [-1 -1 -1 -1 -1  1  1  1]
 [-1 -1 -1 -1  1  1  0 -1]
 [-1  1 -1 -1  1  1  1  0]
 [ 1 -1 -1 -1  1  1  1  1]
 [ 1  0 -1 -1  1  1  1  1]
 [-1 -1 -1  1  1  1 -1 -1]
 [-1  1 -1  1  1  1  1  1]]
Turn: 40 Player: 1
[[ 1 -1 -1 -1 -1  1  1  1]
 [-1 -1 -1 -1 -1  1  1  1]
 [-1 -1 -1 -1  1  1  0 -1]
 [-1  1 -1 -1  1  1  1  0]
 [ 1 -1 -1 -1  1  1  1  1]
 [ 1  0 -1 -1  1  1  1  1]
 [-1 -1 -1  1  1  1 -1 -1]
 [-1  1 -1  1  1  1  1  1]]
Turn: 40 Player: 1
[[ 1 -1 -1 -1 -1  1  1  1]
 [-1 -1 -1 -1 -1  1  1  1]
 [-1 -1 -1 -1  1  1  0 -1]
 [-1  1 -1 -1  1  1  1  0]
 [ 1 -1 -1 -1  1  1  1  1]
 [ 1  0 -1 -1  1  1  1  1]
 [-1 -1 -1  1  1  1 -1 -1]
 [-1  1 -1  1  1  1  1  1]]
Turn: 40 Player: 1
[[ 1 -1 -1 -1 -1  1  1  1]
 [-1 -1 -1 -1 -1  1  1  1]
 [-1 -1 -1 -1  1  1  0 -1]
 [-1  1 -1 -1  1  1  1  0]
 [ 1 -1 -1 -1  1  1  1  1]
 [ 1  0 -1 -1  1  1  1  1]
 [-1 -1 -1  1  1  1 -1 -1]
 [-1  1 -1  1  1  1  1  1]]
Turn: 40 Player: 1
[[ 1 -1 -1 -1 -1  1  1  1]
 [-1 -1 -1 -1 -1  1  1  1]
 [-1 -1 -1 -1  1  1  0 -1]
 [-1  1 -1 -1  1  1  1  0]
 [ 1 -1 -1 -1  1  1  1  1]
 [ 1  0 -1 -1  1  1  1  1]
 [-1 -1 -1  1  1  1 -1 -1]
 [-1  1 -1  1  1  1  1  1]]
Turn: 40 Player: 1
[[ 1 -1 -1 -1 -1  1  1  1]
 [-1 -1 -1 -1 -1  1  1  1]
 [-1 -1 -1 -1  1  1  0 -1]
 [-1  1 -1 -1  1  1  1  0]
 [ 1 -1 -1 -1  1  1  1  1]
 [ 1  0 -1 -1  1  1  1  1]
 [-1 -1 -1  1  1  1 -1 -1]
 [-1  1 -1  1  1  1  1  1]]
Turn: 40 Player: 1
[[ 1 -1 -1 -1 -1  1  1  1]
 [-1 -1 -1 -1 -1  1  1  1]
 [-1 -1 -1 -1  1  1  0 -1]
 [-1  1 -1 -1  1  1  1  0]
 [ 1 -1 -1 -1  1  1  1  1]
 [ 1  0 -1 -1  1  1  1  1]
 [-1 -1 -1  1  1  1 -1 -1]
 [-1  1 -1  1  1  1  1  1]]
Turn: 40 Player: 1
[[ 1 -1 -1 -1 -1  1  1  1]
 [-1 -1 -1 -1 -1  1  1  1]
 [-1 -1 -1 -1  1  1  0 -1]
 [-1  1 -1 -1  1  1  1  0]
 [ 1 -1 -1 -1  1  1  1  1]
 [ 1  0 -1 -1  1  1  1  1]
 [-1 -1 -1  1  1  1 -1 -1]
 [-1  1 -1  1  1  1  1  1]]
Turn: 40 Player: 1
[[ 1 -1 -1 -1 -1  1  1  1]
 [-1 -1 -1 -1 -1  1  1  1]
 [-1 -1 -1 -1  1  1  0 -1]
 [-1  1 -1 -1  1  1  1  0]
 [ 1 -1 -1 -1  1  1  1  1]
 [ 1  0 -1 -1  1  1  1  1]
 [-1 -1 -1  1  1  1 -1 -1]
 [-1  1 -1  1  1  1  1  1]]
Turn: 40 Player: 1
[[ 1 -1 -1 -1 -1  1  1  1]
 [-1 -1 -1 -1 -1  1  1  1]
 [-1 -1 -1 -1  1  1  0 -1]
 [-1  1 -1 -1  1  1  1  0]
 [ 1 -1 -1 -1  1  1  1  1]
 [ 1  0 -1 -1  1  1  1  1]
 [-1 -1 -1  1  1  1 -1 -1]
 [-1  1 -1  1  1  1  1  1]]
Turn: 40 Player: 1
[[ 1 -1 -1 -1 -1  1  1  1]
 [-1 -1 -1 -1 -1  1  1  1]
 [-1 -1 -1 -1  1  1  0 -1]
 [-1  1 -1 -1  1  1  1  0]
 [ 1 -1 -1 -1  1  1  1  1]
 [ 1  0 -1 -1  1  1  1  1]
 [-1 -1 -1  1  1  1 -1 -1]
 [-1  1 -1  1  1  1  1  1]]
Flipping piece
Turn: 41 Player: -1
[[ 1 -1 -1 -1 -1  1  1  1]
 [-1 -1 -1 -1 -1  1  1  1]
 [-1 -1 -1 -1  1  1  0 -1]
 [-1  1 -1 -1  1  1  1  0]
 [ 1  1 -1 -1  1  1  1  1]
 [ 1  1 -1 -1  1  1  1  1]
 [-1 -1 -1  1  1  1 -1 -1]
 [-1  1 -1  1  1  1  1  1]]
Turn: 41 Player: -1
[[ 1 -1 -1 -1 -1  1  1  1]
 [-1 -1 -1 -1 -1  1  1  1]
 [-1 -1 -1 -1  1  1  0 -1]
 [-1  1 -1 -1  1  1  1  0]
 [ 1  1 -1 -1  1  1  1  1]
 [ 1  1 -1 -1  1  1  1  1]
 [-1 -1 -1  1  1  1 -1 -1]
 [-1  1 -1  1  1  1  1  1]]
Turn: 41 Player: -1
[[ 1 -1 -1 -1 -1  1  1  1]
 [-1 -1 -1 -1 -1  1  1  1]
 [-1 -1 -1 -1  1  1  0 -1]
 [-1  1 -1 -1  1  1  1  0]
 [ 1  1 -1 -1  1  1  1  1]
 [ 1  1 -1 -1  1  1  1  1]
 [-1 -1 -1  1  1  1 -1 -1]
 [-1  1 -1  1  1  1  1  1]]
Turn: 41 Player: -1
[[ 1 -1 -1 -1 -1  1  1  1]
 [-1 -1 -1 -1 -1  1  1  1]
 [-1 -1 -1 -1  1  1  0 -1]
 [-1  1 -1 -1  1  1  1  0]
 [ 1  1 -1 -1  1  1  1  1]
 [ 1  1 -1 -1  1  1  1  1]
 [-1 -1 -1  1  1  1 -1 -1]
 [-1  1 -1  1  1  1  1  1]]
Turn: 41 Player: -1
[[ 1 -1 -1 -1 -1  1  1  1]
 [-1 -1 -1 -1 -1  1  1  1]
 [-1 -1 -1 -1  1  1  0 -1]
 [-1  1 -1 -1  1  1  1  0]
 [ 1  1 -1 -1  1  1  1  1]
 [ 1  1 -1 -1  1  1  1  1]
 [-1 -1 -1  1  1  1 -1 -1]
 [-1  1 -1  1  1  1  1  1]]
Turn: 41 Player: -1
[[ 1 -1 -1 -1 -1  1  1  1]
 [-1 -1 -1 -1 -1  1  1  1]
 [-1 -1 -1 -1  1  1  0 -1]
 [-1  1 -1 -1  1  1  1  0]
 [ 1  1 -1 -1  1  1  1  1]
 [ 1  1 -1 -1  1  1  1  1]
 [-1 -1 -1  1  1  1 -1 -1]
 [-1  1 -1  1  1  1  1  1]]
Turn: 41 Player: -1
[[ 1 -1 -1 -1 -1  1  1  1]
 [-1 -1 -1 -1 -1  1  1  1]
 [-1 -1 -1 -1  1  1  0 -1]
 [-1  1 -1 -1  1  1  1  0]
 [ 1  1 -1 -1  1  1  1  1]
 [ 1  1 -1 -1  1  1  1  1]
 [-1 -1 -1  1  1  1 -1 -1]
 [-1  1 -1  1  1  1  1  1]]
Turn: 41 Player: -1
[[ 1 -1 -1 -1 -1  1  1  1]
 [-1 -1 -1 -1 -1  1  1  1]
 [-1 -1 -1 -1  1  1  0 -1]
 [-1  1 -1 -1  1  1  1  0]
 [ 1  1 -1 -1  1  1  1  1]
 [ 1  1 -1 -1  1  1  1  1]
 [-1 -1 -1  1  1  1 -1 -1]
 [-1  1 -1  1  1  1  1  1]]
Turn: 41 Player: -1
[[ 1 -1 -1 -1 -1  1  1  1]
 [-1 -1 -1 -1 -1  1  1  1]
 [-1 -1 -1 -1  1  1  0 -1]
 [-1  1 -1 -1  1  1  1  0]
 [ 1  1 -1 -1  1  1  1  1]
 [ 1  1 -1 -1  1  1  1  1]
 [-1 -1 -1  1  1  1 -1 -1]
 [-1  1 -1  1  1  1  1  1]]
Turn: 41 Player: -1
[[ 1 -1 -1 -1 -1  1  1  1]
 [-1 -1 -1 -1 -1  1  1  1]
 [-1 -1 -1 -1  1  1  0 -1]
 [-1  1 -1 -1  1  1  1  0]
 [ 1  1 -1 -1  1  1  1  1]
 [ 1  1 -1 -1  1  1  1  1]
 [-1 -1 -1  1  1  1 -1 -1]
 [-1  1 -1  1  1  1  1  1]]
Turn: 41 Player: -1
[[ 1 -1 -1 -1 -1  1  1  1]
 [-1 -1 -1 -1 -1  1  1  1]
 [-1 -1 -1 -1  1  1  0 -1]
 [-1  1 -1 -1  1  1  1  0]
 [ 1  1 -1 -1  1  1  1  1]
 [ 1  1 -1 -1  1  1  1  1]
 [-1 -1 -1  1  1  1 -1 -1]
 [-1  1 -1  1  1  1  1  1]]
Turn: 41 Player: -1
[[ 1 -1 -1 -1 -1  1  1  1]
 [-1 -1 -1 -1 -1  1  1  1]
 [-1 -1 -1 -1  1  1  0 -1]
 [-1  1 -1 -1  1  1  1  0]
 [ 1  1 -1 -1  1  1  1  1]
 [ 1  1 -1 -1  1  1  1  1]
 [-1 -1 -1  1  1  1 -1 -1]
 [-1  1 -1  1  1  1  1  1]]
Turn: 41 Player: -1
[[ 1 -1 -1 -1 -1  1  1  1]
 [-1 -1 -1 -1 -1  1  1  1]
 [-1 -1 -1 -1  1  1  0 -1]
 [-1  1 -1 -1  1  1  1  0]
 [ 1  1 -1 -1  1  1  1  1]
 [ 1  1 -1 -1  1  1  1  1]
 [-1 -1 -1  1  1  1 -1 -1]
 [-1  1 -1  1  1  1  1  1]]
Flipping piece
Flipping piece
Flipping piece
Turn: 42 Player: 1
[[ 1 -1 -1 -1 -1  1  1  1]
 [-1 -1 -1 -1 -1  1  1  1]
 [-1 -1 -1 -1  1  1  0 -1]
 [-1  1 -1 -1 -1 -1 -1 -1]
 [ 1  1 -1 -1  1  1  1  1]
 [ 1  1 -1 -1  1  1  1  1]
 [-1 -1 -1  1  1  1 -1 -1]
 [-1  1 -1  1  1  1  1  1]]
Turn: 42 Player: 1
[[ 1 -1 -1 -1 -1  1  1  1]
 [-1 -1 -1 -1 -1  1  1  1]
 [-1 -1 -1 -1  1  1  0 -1]
 [-1  1 -1 -1 -1 -1 -1 -1]
 [ 1  1 -1 -1  1  1  1  1]
 [ 1  1 -1 -1  1  1  1  1]
 [-1 -1 -1  1  1  1 -1 -1]
 [-1  1 -1  1  1  1  1  1]]
Turn: 42 Player: 1
[[ 1 -1 -1 -1 -1  1  1  1]
 [-1 -1 -1 -1 -1  1  1  1]
 [-1 -1 -1 -1  1  1  0 -1]
 [-1  1 -1 -1 -1 -1 -1 -1]
 [ 1  1 -1 -1  1  1  1  1]
 [ 1  1 -1 -1  1  1  1  1]
 [-1 -1 -1  1  1  1 -1 -1]
 [-1  1 -1  1  1  1  1  1]]
Turn: 42 Player: 1
[[ 1 -1 -1 -1 -1  1  1  1]
 [-1 -1 -1 -1 -1  1  1  1]
 [-1 -1 -1 -1  1  1  0 -1]
 [-1  1 -1 -1 -1 -1 -1 -1]
 [ 1  1 -1 -1  1  1  1  1]
 [ 1  1 -1 -1  1  1  1  1]
 [-1 -1 -1  1  1  1 -1 -1]
 [-1  1 -1  1  1  1  1  1]]
Turn: 42 Player: 1
[[ 1 -1 -1 -1 -1  1  1  1]
 [-1 -1 -1 -1 -1  1  1  1]
 [-1 -1 -1 -1  1  1  0 -1]
 [-1  1 -1 -1 -1 -1 -1 -1]
 [ 1  1 -1 -1  1  1  1  1]
 [ 1  1 -1 -1  1  1  1  1]
 [-1 -1 -1  1  1  1 -1 -1]
 [-1  1 -1  1  1  1  1  1]]
Turn: 42 Player: 1
[[ 1 -1 -1 -1 -1  1  1  1]
 [-1 -1 -1 -1 -1  1  1  1]
 [-1 -1 -1 -1  1  1  0 -1]
 [-1  1 -1 -1 -1 -1 -1 -1]
 [ 1  1 -1 -1  1  1  1  1]
 [ 1  1 -1 -1  1  1  1  1]
 [-1 -1 -1  1  1  1 -1 -1]
 [-1  1 -1  1  1  1  1  1]]
Turn: 42 Player: 1
[[ 1 -1 -1 -1 -1  1  1  1]
 [-1 -1 -1 -1 -1  1  1  1]
 [-1 -1 -1 -1  1  1  0 -1]
 [-1  1 -1 -1 -1 -1 -1 -1]
 [ 1  1 -1 -1  1  1  1  1]
 [ 1  1 -1 -1  1  1  1  1]
 [-1 -1 -1  1  1  1 -1 -1]
 [-1  1 -1  1  1  1  1  1]]
Turn: 42 Player: 1
[[ 1 -1 -1 -1 -1  1  1  1]
 [-1 -1 -1 -1 -1  1  1  1]
 [-1 -1 -1 -1  1  1  0 -1]
 [-1  1 -1 -1 -1 -1 -1 -1]
 [ 1  1 -1 -1  1  1  1  1]
 [ 1  1 -1 -1  1  1  1  1]
 [-1 -1 -1  1  1  1 -1 -1]
 [-1  1 -1  1  1  1  1  1]]
Turn: 42 Player: 1
[[ 1 -1 -1 -1 -1  1  1  1]
 [-1 -1 -1 -1 -1  1  1  1]
 [-1 -1 -1 -1  1  1  0 -1]
 [-1  1 -1 -1 -1 -1 -1 -1]
 [ 1  1 -1 -1  1  1  1  1]
 [ 1  1 -1 -1  1  1  1  1]
 [-1 -1 -1  1  1  1 -1 -1]
 [-1  1 -1  1  1  1  1  1]]
Turn: 42 Player: 1
[[ 1 -1 -1 -1 -1  1  1  1]
 [-1 -1 -1 -1 -1  1  1  1]
 [-1 -1 -1 -1  1  1  0 -1]
 [-1  1 -1 -1 -1 -1 -1 -1]
 [ 1  1 -1 -1  1  1  1  1]
 [ 1  1 -1 -1  1  1  1  1]
 [-1 -1 -1  1  1  1 -1 -1]
 [-1  1 -1  1  1  1  1  1]]
Turn: 42 Player: 1
[[ 1 -1 -1 -1 -1  1  1  1]
 [-1 -1 -1 -1 -1  1  1  1]
 [-1 -1 -1 -1  1  1  0 -1]
 [-1  1 -1 -1 -1 -1 -1 -1]
 [ 1  1 -1 -1  1  1  1  1]
 [ 1  1 -1 -1  1  1  1  1]
 [-1 -1 -1  1  1  1 -1 -1]
 [-1  1 -1  1  1  1  1  1]]
Turn: 42 Player: 1
[[ 1 -1 -1 -1 -1  1  1  1]
 [-1 -1 -1 -1 -1  1  1  1]
 [-1 -1 -1 -1  1  1  0 -1]
 [-1  1 -1 -1 -1 -1 -1 -1]
 [ 1  1 -1 -1  1  1  1  1]
 [ 1  1 -1 -1  1  1  1  1]
 [-1 -1 -1  1  1  1 -1 -1]
 [-1  1 -1  1  1  1  1  1]]
Turn: 42 Player: 1
[[ 1 -1 -1 -1 -1  1  1  1]
 [-1 -1 -1 -1 -1  1  1  1]
 [-1 -1 -1 -1  1  1  0 -1]
 [-1  1 -1 -1 -1 -1 -1 -1]
 [ 1  1 -1 -1  1  1  1  1]
 [ 1  1 -1 -1  1  1  1  1]
 [-1 -1 -1  1  1  1 -1 -1]
 [-1  1 -1  1  1  1  1  1]]
Turn: 42 Player: 1
[[ 1 -1 -1 -1 -1  1  1  1]
 [-1 -1 -1 -1 -1  1  1  1]
 [-1 -1 -1 -1  1  1  0 -1]
 [-1  1 -1 -1 -1 -1 -1 -1]
 [ 1  1 -1 -1  1  1  1  1]
 [ 1  1 -1 -1  1  1  1  1]
 [-1 -1 -1  1  1  1 -1 -1]
 [-1  1 -1  1  1  1  1  1]]
Turn: 42 Player: 1
[[ 1 -1 -1 -1 -1  1  1  1]
 [-1 -1 -1 -1 -1  1  1  1]
 [-1 -1 -1 -1  1  1  0 -1]
 [-1  1 -1 -1 -1 -1 -1 -1]
 [ 1  1 -1 -1  1  1  1  1]
 [ 1  1 -1 -1  1  1  1  1]
 [-1 -1 -1  1  1  1 -1 -1]
 [-1  1 -1  1  1  1  1  1]]
Turn: 42 Player: 1
[[ 1 -1 -1 -1 -1  1  1  1]
 [-1 -1 -1 -1 -1  1  1  1]
 [-1 -1 -1 -1  1  1  0 -1]
 [-1  1 -1 -1 -1 -1 -1 -1]
 [ 1  1 -1 -1  1  1  1  1]
 [ 1  1 -1 -1  1  1  1  1]
 [-1 -1 -1  1  1  1 -1 -1]
 [-1  1 -1  1  1  1  1  1]]
Turn: 42 Player: 1
[[ 1 -1 -1 -1 -1  1  1  1]
 [-1 -1 -1 -1 -1  1  1  1]
 [-1 -1 -1 -1  1  1  0 -1]
 [-1  1 -1 -1 -1 -1 -1 -1]
 [ 1  1 -1 -1  1  1  1  1]
 [ 1  1 -1 -1  1  1  1  1]
 [-1 -1 -1  1  1  1 -1 -1]
 [-1  1 -1  1  1  1  1  1]]
Turn: 42 Player: 1
[[ 1 -1 -1 -1 -1  1  1  1]
 [-1 -1 -1 -1 -1  1  1  1]
 [-1 -1 -1 -1  1  1  0 -1]
 [-1  1 -1 -1 -1 -1 -1 -1]
 [ 1  1 -1 -1  1  1  1  1]
 [ 1  1 -1 -1  1  1  1  1]
 [-1 -1 -1  1  1  1 -1 -1]
 [-1  1 -1  1  1  1  1  1]]
Turn: 42 Player: 1
[[ 1 -1 -1 -1 -1  1  1  1]
 [-1 -1 -1 -1 -1  1  1  1]
 [-1 -1 -1 -1  1  1  0 -1]
 [-1  1 -1 -1 -1 -1 -1 -1]
 [ 1  1 -1 -1  1  1  1  1]
 [ 1  1 -1 -1  1  1  1  1]
 [-1 -1 -1  1  1  1 -1 -1]
 [-1  1 -1  1  1  1  1  1]]
Turn: 42 Player: 1
[[ 1 -1 -1 -1 -1  1  1  1]
 [-1 -1 -1 -1 -1  1  1  1]
 [-1 -1 -1 -1  1  1  0 -1]
 [-1  1 -1 -1 -1 -1 -1 -1]
 [ 1  1 -1 -1  1  1  1  1]
 [ 1  1 -1 -1  1  1  1  1]
 [-1 -1 -1  1  1  1 -1 -1]
 [-1  1 -1  1  1  1  1  1]]
Turn: 42 Player: 1
[[ 1 -1 -1 -1 -1  1  1  1]
 [-1 -1 -1 -1 -1  1  1  1]
 [-1 -1 -1 -1  1  1  0 -1]
 [-1  1 -1 -1 -1 -1 -1 -1]
 [ 1  1 -1 -1  1  1  1  1]
 [ 1  1 -1 -1  1  1  1  1]
 [-1 -1 -1  1  1  1 -1 -1]
 [-1  1 -1  1  1  1  1  1]]
Turn: 42 Player: 1
[[ 1 -1 -1 -1 -1  1  1  1]
 [-1 -1 -1 -1 -1  1  1  1]
 [-1 -1 -1 -1  1  1  0 -1]
 [-1  1 -1 -1 -1 -1 -1 -1]
 [ 1  1 -1 -1  1  1  1  1]
 [ 1  1 -1 -1  1  1  1  1]
 [-1 -1 -1  1  1  1 -1 -1]
 [-1  1 -1  1  1  1  1  1]]
Turn: 42 Player: 1
[[ 1 -1 -1 -1 -1  1  1  1]
 [-1 -1 -1 -1 -1  1  1  1]
 [-1 -1 -1 -1  1  1  0 -1]
 [-1  1 -1 -1 -1 -1 -1 -1]
 [ 1  1 -1 -1  1  1  1  1]
 [ 1  1 -1 -1  1  1  1  1]
 [-1 -1 -1  1  1  1 -1 -1]
 [-1  1 -1  1  1  1  1  1]]
Turn: 42 Player: 1
[[ 1 -1 -1 -1 -1  1  1  1]
 [-1 -1 -1 -1 -1  1  1  1]
 [-1 -1 -1 -1  1  1  0 -1]
 [-1  1 -1 -1 -1 -1 -1 -1]
 [ 1  1 -1 -1  1  1  1  1]
 [ 1  1 -1 -1  1  1  1  1]
 [-1 -1 -1  1  1  1 -1 -1]
 [-1  1 -1  1  1  1  1  1]]
Turn: 42 Player: 1
[[ 1 -1 -1 -1 -1  1  1  1]
 [-1 -1 -1 -1 -1  1  1  1]
 [-1 -1 -1 -1  1  1  0 -1]
 [-1  1 -1 -1 -1 -1 -1 -1]
 [ 1  1 -1 -1  1  1  1  1]
 [ 1  1 -1 -1  1  1  1  1]
 [-1 -1 -1  1  1  1 -1 -1]
 [-1  1 -1  1  1  1  1  1]]
Turn: 42 Player: 1
[[ 1 -1 -1 -1 -1  1  1  1]
 [-1 -1 -1 -1 -1  1  1  1]
 [-1 -1 -1 -1  1  1  0 -1]
 [-1  1 -1 -1 -1 -1 -1 -1]
 [ 1  1 -1 -1  1  1  1  1]
 [ 1  1 -1 -1  1  1  1  1]
 [-1 -1 -1  1  1  1 -1 -1]
 [-1  1 -1  1  1  1  1  1]]
Turn: 42 Player: 1
[[ 1 -1 -1 -1 -1  1  1  1]
 [-1 -1 -1 -1 -1  1  1  1]
 [-1 -1 -1 -1  1  1  0 -1]
 [-1  1 -1 -1 -1 -1 -1 -1]
 [ 1  1 -1 -1  1  1  1  1]
 [ 1  1 -1 -1  1  1  1  1]
 [-1 -1 -1  1  1  1 -1 -1]
 [-1  1 -1  1  1  1  1  1]]
Turn: 42 Player: 1
[[ 1 -1 -1 -1 -1  1  1  1]
 [-1 -1 -1 -1 -1  1  1  1]
 [-1 -1 -1 -1  1  1  0 -1]
 [-1  1 -1 -1 -1 -1 -1 -1]
 [ 1  1 -1 -1  1  1  1  1]
 [ 1  1 -1 -1  1  1  1  1]
 [-1 -1 -1  1  1  1 -1 -1]
 [-1  1 -1  1  1  1  1  1]]
Turn: 42 Player: 1
[[ 1 -1 -1 -1 -1  1  1  1]
 [-1 -1 -1 -1 -1  1  1  1]
 [-1 -1 -1 -1  1  1  0 -1]
 [-1  1 -1 -1 -1 -1 -1 -1]
 [ 1  1 -1 -1  1  1  1  1]
 [ 1  1 -1 -1  1  1  1  1]
 [-1 -1 -1  1  1  1 -1 -1]
 [-1  1 -1  1  1  1  1  1]]
Turn: 42 Player: 1
[[ 1 -1 -1 -1 -1  1  1  1]
 [-1 -1 -1 -1 -1  1  1  1]
 [-1 -1 -1 -1  1  1  0 -1]
 [-1  1 -1 -1 -1 -1 -1 -1]
 [ 1  1 -1 -1  1  1  1  1]
 [ 1  1 -1 -1  1  1  1  1]
 [-1 -1 -1  1  1  1 -1 -1]
 [-1  1 -1  1  1  1  1  1]]
Turn: 42 Player: 1
[[ 1 -1 -1 -1 -1  1  1  1]
 [-1 -1 -1 -1 -1  1  1  1]
 [-1 -1 -1 -1  1  1  0 -1]
 [-1  1 -1 -1 -1 -1 -1 -1]
 [ 1  1 -1 -1  1  1  1  1]
 [ 1  1 -1 -1  1  1  1  1]
 [-1 -1 -1  1  1  1 -1 -1]
 [-1  1 -1  1  1  1  1  1]]
Turn: 42 Player: 1
[[ 1 -1 -1 -1 -1  1  1  1]
 [-1 -1 -1 -1 -1  1  1  1]
 [-1 -1 -1 -1  1  1  0 -1]
 [-1  1 -1 -1 -1 -1 -1 -1]
 [ 1  1 -1 -1  1  1  1  1]
 [ 1  1 -1 -1  1  1  1  1]
 [-1 -1 -1  1  1  1 -1 -1]
 [-1  1 -1  1  1  1  1  1]]
Turn: 42 Player: 1
[[ 1 -1 -1 -1 -1  1  1  1]
 [-1 -1 -1 -1 -1  1  1  1]
 [-1 -1 -1 -1  1  1  0 -1]
 [-1  1 -1 -1 -1 -1 -1 -1]
 [ 1  1 -1 -1  1  1  1  1]
 [ 1  1 -1 -1  1  1  1  1]
 [-1 -1 -1  1  1  1 -1 -1]
 [-1  1 -1  1  1  1  1  1]]
Turn: 42 Player: 1
[[ 1 -1 -1 -1 -1  1  1  1]
 [-1 -1 -1 -1 -1  1  1  1]
 [-1 -1 -1 -1  1  1  0 -1]
 [-1  1 -1 -1 -1 -1 -1 -1]
 [ 1  1 -1 -1  1  1  1  1]
 [ 1  1 -1 -1  1  1  1  1]
 [-1 -1 -1  1  1  1 -1 -1]
 [-1  1 -1  1  1  1  1  1]]
Turn: 42 Player: 1
[[ 1 -1 -1 -1 -1  1  1  1]
 [-1 -1 -1 -1 -1  1  1  1]
 [-1 -1 -1 -1  1  1  0 -1]
 [-1  1 -1 -1 -1 -1 -1 -1]
 [ 1  1 -1 -1  1  1  1  1]
 [ 1  1 -1 -1  1  1  1  1]
 [-1 -1 -1  1  1  1 -1 -1]
 [-1  1 -1  1  1  1  1  1]]
Turn: 42 Player: 1
[[ 1 -1 -1 -1 -1  1  1  1]
 [-1 -1 -1 -1 -1  1  1  1]
 [-1 -1 -1 -1  1  1  0 -1]
 [-1  1 -1 -1 -1 -1 -1 -1]
 [ 1  1 -1 -1  1  1  1  1]
 [ 1  1 -1 -1  1  1  1  1]
 [-1 -1 -1  1  1  1 -1 -1]
 [-1  1 -1  1  1  1  1  1]]
Turn: 42 Player: 1
[[ 1 -1 -1 -1 -1  1  1  1]
 [-1 -1 -1 -1 -1  1  1  1]
 [-1 -1 -1 -1  1  1  0 -1]
 [-1  1 -1 -1 -1 -1 -1 -1]
 [ 1  1 -1 -1  1  1  1  1]
 [ 1  1 -1 -1  1  1  1  1]
 [-1 -1 -1  1  1  1 -1 -1]
 [-1  1 -1  1  1  1  1  1]]
Turn: 42 Player: 1
[[ 1 -1 -1 -1 -1  1  1  1]
 [-1 -1 -1 -1 -1  1  1  1]
 [-1 -1 -1 -1  1  1  0 -1]
 [-1  1 -1 -1 -1 -1 -1 -1]
 [ 1  1 -1 -1  1  1  1  1]
 [ 1  1 -1 -1  1  1  1  1]
 [-1 -1 -1  1  1  1 -1 -1]
 [-1  1 -1  1  1  1  1  1]]
Turn: 42 Player: 1
[[ 1 -1 -1 -1 -1  1  1  1]
 [-1 -1 -1 -1 -1  1  1  1]
 [-1 -1 -1 -1  1  1  0 -1]
 [-1  1 -1 -1 -1 -1 -1 -1]
 [ 1  1 -1 -1  1  1  1  1]
 [ 1  1 -1 -1  1  1  1  1]
 [-1 -1 -1  1  1  1 -1 -1]
 [-1  1 -1  1  1  1  1  1]]
Turn: 42 Player: 1
[[ 1 -1 -1 -1 -1  1  1  1]
 [-1 -1 -1 -1 -1  1  1  1]
 [-1 -1 -1 -1  1  1  0 -1]
 [-1  1 -1 -1 -1 -1 -1 -1]
 [ 1  1 -1 -1  1  1  1  1]
 [ 1  1 -1 -1  1  1  1  1]
 [-1 -1 -1  1  1  1 -1 -1]
 [-1  1 -1  1  1  1  1  1]]
Turn: 42 Player: 1
[[ 1 -1 -1 -1 -1  1  1  1]
 [-1 -1 -1 -1 -1  1  1  1]
 [-1 -1 -1 -1  1  1  0 -1]
 [-1  1 -1 -1 -1 -1 -1 -1]
 [ 1  1 -1 -1  1  1  1  1]
 [ 1  1 -1 -1  1  1  1  1]
 [-1 -1 -1  1  1  1 -1 -1]
 [-1  1 -1  1  1  1  1  1]]
Turn: 42 Player: 1
[[ 1 -1 -1 -1 -1  1  1  1]
 [-1 -1 -1 -1 -1  1  1  1]
 [-1 -1 -1 -1  1  1  0 -1]
 [-1  1 -1 -1 -1 -1 -1 -1]
 [ 1  1 -1 -1  1  1  1  1]
 [ 1  1 -1 -1  1  1  1  1]
 [-1 -1 -1  1  1  1 -1 -1]
 [-1  1 -1  1  1  1  1  1]]
Turn: 42 Player: 1
[[ 1 -1 -1 -1 -1  1  1  1]
 [-1 -1 -1 -1 -1  1  1  1]
 [-1 -1 -1 -1  1  1  0 -1]
 [-1  1 -1 -1 -1 -1 -1 -1]
 [ 1  1 -1 -1  1  1  1  1]
 [ 1  1 -1 -1  1  1  1  1]
 [-1 -1 -1  1  1  1 -1 -1]
 [-1  1 -1  1  1  1  1  1]]
Turn: 42 Player: 1
[[ 1 -1 -1 -1 -1  1  1  1]
 [-1 -1 -1 -1 -1  1  1  1]
 [-1 -1 -1 -1  1  1  0 -1]
 [-1  1 -1 -1 -1 -1 -1 -1]
 [ 1  1 -1 -1  1  1  1  1]
 [ 1  1 -1 -1  1  1  1  1]
 [-1 -1 -1  1  1  1 -1 -1]
 [-1  1 -1  1  1  1  1  1]]
Turn: 42 Player: 1
[[ 1 -1 -1 -1 -1  1  1  1]
 [-1 -1 -1 -1 -1  1  1  1]
 [-1 -1 -1 -1  1  1  0 -1]
 [-1  1 -1 -1 -1 -1 -1 -1]
 [ 1  1 -1 -1  1  1  1  1]
 [ 1  1 -1 -1  1  1  1  1]
 [-1 -1 -1  1  1  1 -1 -1]
 [-1  1 -1  1  1  1  1  1]]
Turn: 42 Player: 1
[[ 1 -1 -1 -1 -1  1  1  1]
 [-1 -1 -1 -1 -1  1  1  1]
 [-1 -1 -1 -1  1  1  0 -1]
 [-1  1 -1 -1 -1 -1 -1 -1]
 [ 1  1 -1 -1  1  1  1  1]
 [ 1  1 -1 -1  1  1  1  1]
 [-1 -1 -1  1  1  1 -1 -1]
 [-1  1 -1  1  1  1  1  1]]
Turn: 42 Player: 1
[[ 1 -1 -1 -1 -1  1  1  1]
 [-1 -1 -1 -1 -1  1  1  1]
 [-1 -1 -1 -1  1  1  0 -1]
 [-1  1 -1 -1 -1 -1 -1 -1]
 [ 1  1 -1 -1  1  1  1  1]
 [ 1  1 -1 -1  1  1  1  1]
 [-1 -1 -1  1  1  1 -1 -1]
 [-1  1 -1  1  1  1  1  1]]
Turn: 42 Player: 1
[[ 1 -1 -1 -1 -1  1  1  1]
 [-1 -1 -1 -1 -1  1  1  1]
 [-1 -1 -1 -1  1  1  0 -1]
 [-1  1 -1 -1 -1 -1 -1 -1]
 [ 1  1 -1 -1  1  1  1  1]
 [ 1  1 -1 -1  1  1  1  1]
 [-1 -1 -1  1  1  1 -1 -1]
 [-1  1 -1  1  1  1  1  1]]
Turn: 42 Player: 1
[[ 1 -1 -1 -1 -1  1  1  1]
 [-1 -1 -1 -1 -1  1  1  1]
 [-1 -1 -1 -1  1  1  0 -1]
 [-1  1 -1 -1 -1 -1 -1 -1]
 [ 1  1 -1 -1  1  1  1  1]
 [ 1  1 -1 -1  1  1  1  1]
 [-1 -1 -1  1  1  1 -1 -1]
 [-1  1 -1  1  1  1  1  1]]
Turn: 42 Player: 1
[[ 1 -1 -1 -1 -1  1  1  1]
 [-1 -1 -1 -1 -1  1  1  1]
 [-1 -1 -1 -1  1  1  0 -1]
 [-1  1 -1 -1 -1 -1 -1 -1]
 [ 1  1 -1 -1  1  1  1  1]
 [ 1  1 -1 -1  1  1  1  1]
 [-1 -1 -1  1  1  1 -1 -1]
 [-1  1 -1  1  1  1  1  1]]
Turn: 42 Player: 1
[[ 1 -1 -1 -1 -1  1  1  1]
 [-1 -1 -1 -1 -1  1  1  1]
 [-1 -1 -1 -1  1  1  0 -1]
 [-1  1 -1 -1 -1 -1 -1 -1]
 [ 1  1 -1 -1  1  1  1  1]
 [ 1  1 -1 -1  1  1  1  1]
 [-1 -1 -1  1  1  1 -1 -1]
 [-1  1 -1  1  1  1  1  1]]
Turn: 42 Player: 1
[[ 1 -1 -1 -1 -1  1  1  1]
 [-1 -1 -1 -1 -1  1  1  1]
 [-1 -1 -1 -1  1  1  0 -1]
 [-1  1 -1 -1 -1 -1 -1 -1]
 [ 1  1 -1 -1  1  1  1  1]
 [ 1  1 -1 -1  1  1  1  1]
 [-1 -1 -1  1  1  1 -1 -1]
 [-1  1 -1  1  1  1  1  1]]
Turn: 42 Player: 1
[[ 1 -1 -1 -1 -1  1  1  1]
 [-1 -1 -1 -1 -1  1  1  1]
 [-1 -1 -1 -1  1  1  0 -1]
 [-1  1 -1 -1 -1 -1 -1 -1]
 [ 1  1 -1 -1  1  1  1  1]
 [ 1  1 -1 -1  1  1  1  1]
 [-1 -1 -1  1  1  1 -1 -1]
 [-1  1 -1  1  1  1  1  1]]
Turn: 42 Player: 1
[[ 1 -1 -1 -1 -1  1  1  1]
 [-1 -1 -1 -1 -1  1  1  1]
 [-1 -1 -1 -1  1  1  0 -1]
 [-1  1 -1 -1 -1 -1 -1 -1]
 [ 1  1 -1 -1  1  1  1  1]
 [ 1  1 -1 -1  1  1  1  1]
 [-1 -1 -1  1  1  1 -1 -1]
 [-1  1 -1  1  1  1  1  1]]
Turn: 42 Player: 1
[[ 1 -1 -1 -1 -1  1  1  1]
 [-1 -1 -1 -1 -1  1  1  1]
 [-1 -1 -1 -1  1  1  0 -1]
 [-1  1 -1 -1 -1 -1 -1 -1]
 [ 1  1 -1 -1  1  1  1  1]
 [ 1  1 -1 -1  1  1  1  1]
 [-1 -1 -1  1  1  1 -1 -1]
 [-1  1 -1  1  1  1  1  1]]
Turn: 42 Player: 1
[[ 1 -1 -1 -1 -1  1  1  1]
 [-1 -1 -1 -1 -1  1  1  1]
 [-1 -1 -1 -1  1  1  0 -1]
 [-1  1 -1 -1 -1 -1 -1 -1]
 [ 1  1 -1 -1  1  1  1  1]
 [ 1  1 -1 -1  1  1  1  1]
 [-1 -1 -1  1  1  1 -1 -1]
 [-1  1 -1  1  1  1  1  1]]
Turn: 42 Player: 1
[[ 1 -1 -1 -1 -1  1  1  1]
 [-1 -1 -1 -1 -1  1  1  1]
 [-1 -1 -1 -1  1  1  0 -1]
 [-1  1 -1 -1 -1 -1 -1 -1]
 [ 1  1 -1 -1  1  1  1  1]
 [ 1  1 -1 -1  1  1  1  1]
 [-1 -1 -1  1  1  1 -1 -1]
 [-1  1 -1  1  1  1  1  1]]
Turn: 42 Player: 1
[[ 1 -1 -1 -1 -1  1  1  1]
 [-1 -1 -1 -1 -1  1  1  1]
 [-1 -1 -1 -1  1  1  0 -1]
 [-1  1 -1 -1 -1 -1 -1 -1]
 [ 1  1 -1 -1  1  1  1  1]
 [ 1  1 -1 -1  1  1  1  1]
 [-1 -1 -1  1  1  1 -1 -1]
 [-1  1 -1  1  1  1  1  1]]
Turn: 42 Player: 1
[[ 1 -1 -1 -1 -1  1  1  1]
 [-1 -1 -1 -1 -1  1  1  1]
 [-1 -1 -1 -1  1  1  0 -1]
 [-1  1 -1 -1 -1 -1 -1 -1]
 [ 1  1 -1 -1  1  1  1  1]
 [ 1  1 -1 -1  1  1  1  1]
 [-1 -1 -1  1  1  1 -1 -1]
 [-1  1 -1  1  1  1  1  1]]
Turn: 42 Player: 1
[[ 1 -1 -1 -1 -1  1  1  1]
 [-1 -1 -1 -1 -1  1  1  1]
 [-1 -1 -1 -1  1  1  0 -1]
 [-1  1 -1 -1 -1 -1 -1 -1]
 [ 1  1 -1 -1  1  1  1  1]
 [ 1  1 -1 -1  1  1  1  1]
 [-1 -1 -1  1  1  1 -1 -1]
 [-1  1 -1  1  1  1  1  1]]
Turn: 42 Player: 1
[[ 1 -1 -1 -1 -1  1  1  1]
 [-1 -1 -1 -1 -1  1  1  1]
 [-1 -1 -1 -1  1  1  0 -1]
 [-1  1 -1 -1 -1 -1 -1 -1]
 [ 1  1 -1 -1  1  1  1  1]
 [ 1  1 -1 -1  1  1  1  1]
 [-1 -1 -1  1  1  1 -1 -1]
 [-1  1 -1  1  1  1  1  1]]
Turn: 42 Player: 1
[[ 1 -1 -1 -1 -1  1  1  1]
 [-1 -1 -1 -1 -1  1  1  1]
 [-1 -1 -1 -1  1  1  0 -1]
 [-1  1 -1 -1 -1 -1 -1 -1]
 [ 1  1 -1 -1  1  1  1  1]
 [ 1  1 -1 -1  1  1  1  1]
 [-1 -1 -1  1  1  1 -1 -1]
 [-1  1 -1  1  1  1  1  1]]
Turn: 42 Player: 1
[[ 1 -1 -1 -1 -1  1  1  1]
 [-1 -1 -1 -1 -1  1  1  1]
 [-1 -1 -1 -1  1  1  0 -1]
 [-1  1 -1 -1 -1 -1 -1 -1]
 [ 1  1 -1 -1  1  1  1  1]
 [ 1  1 -1 -1  1  1  1  1]
 [-1 -1 -1  1  1  1 -1 -1]
 [-1  1 -1  1  1  1  1  1]]
Turn: 42 Player: 1
[[ 1 -1 -1 -1 -1  1  1  1]
 [-1 -1 -1 -1 -1  1  1  1]
 [-1 -1 -1 -1  1  1  0 -1]
 [-1  1 -1 -1 -1 -1 -1 -1]
 [ 1  1 -1 -1  1  1  1  1]
 [ 1  1 -1 -1  1  1  1  1]
 [-1 -1 -1  1  1  1 -1 -1]
 [-1  1 -1  1  1  1  1  1]]
Turn: 42 Player: 1
[[ 1 -1 -1 -1 -1  1  1  1]
 [-1 -1 -1 -1 -1  1  1  1]
 [-1 -1 -1 -1  1  1  0 -1]
 [-1  1 -1 -1 -1 -1 -1 -1]
 [ 1  1 -1 -1  1  1  1  1]
 [ 1  1 -1 -1  1  1  1  1]
 [-1 -1 -1  1  1  1 -1 -1]
 [-1  1 -1  1  1  1  1  1]]
Turn: 42 Player: 1
[[ 1 -1 -1 -1 -1  1  1  1]
 [-1 -1 -1 -1 -1  1  1  1]
 [-1 -1 -1 -1  1  1  0 -1]
 [-1  1 -1 -1 -1 -1 -1 -1]
 [ 1  1 -1 -1  1  1  1  1]
 [ 1  1 -1 -1  1  1  1  1]
 [-1 -1 -1  1  1  1 -1 -1]
 [-1  1 -1  1  1  1  1  1]]
Turn: 42 Player: 1
[[ 1 -1 -1 -1 -1  1  1  1]
 [-1 -1 -1 -1 -1  1  1  1]
 [-1 -1 -1 -1  1  1  0 -1]
 [-1  1 -1 -1 -1 -1 -1 -1]
 [ 1  1 -1 -1  1  1  1  1]
 [ 1  1 -1 -1  1  1  1  1]
 [-1 -1 -1  1  1  1 -1 -1]
 [-1  1 -1  1  1  1  1  1]]
Turn: 42 Player: 1
[[ 1 -1 -1 -1 -1  1  1  1]
 [-1 -1 -1 -1 -1  1  1  1]
 [-1 -1 -1 -1  1  1  0 -1]
 [-1  1 -1 -1 -1 -1 -1 -1]
 [ 1  1 -1 -1  1  1  1  1]
 [ 1  1 -1 -1  1  1  1  1]
 [-1 -1 -1  1  1  1 -1 -1]
 [-1  1 -1  1  1  1  1  1]]
Turn: 42 Player: 1
[[ 1 -1 -1 -1 -1  1  1  1]
 [-1 -1 -1 -1 -1  1  1  1]
 [-1 -1 -1 -1  1  1  0 -1]
 [-1  1 -1 -1 -1 -1 -1 -1]
 [ 1  1 -1 -1  1  1  1  1]
 [ 1  1 -1 -1  1  1  1  1]
 [-1 -1 -1  1  1  1 -1 -1]
 [-1  1 -1  1  1  1  1  1]]
Turn: 0 Player: 1
[[ 0  0  0  0  0  0  0  0]
 [ 0  0  0  0  0  0  0  0]
 [ 0  0  0  0  0  0  0  0]
 [ 0  0  0  1 -1  0  0  0]
 [ 0  0  0 -1  1  0  0  0]
 [ 0  0  0  0  0  0  0  0]
 [ 0  0  0  0  0  0  0  0]
 [ 0  0  0  0  0  0  0  0]]
Flipping piece
Turn: 1 Player: -1
[[ 0  0  0  0  0  0  0  0]
 [ 0  0  0  0  0  0  0  0]
 [ 0  0  0  0  0  0  0  0]
 [ 0  0  0  1  1  1  0  0]
 [ 0  0  0 -1  1  0  0  0]
 [ 0  0  0  0  0  0  0  0]
 [ 0  0  0  0  0  0  0  0]
 [ 0  0  0  0  0  0  0  0]]
Turn: 2 Player: 1
[[ 0  0  0  0  0  0  0  0]
 [ 0  0  0  0  0  0  0  0]
 [-1  0  0  0  0  0  0  0]
 [ 0  0  0  1  1  1  0  0]
 [ 0  0  0 -1  1  0  0  0]
 [ 0  0  0  0  0  0  0  0]
 [ 0  0  0  0  0  0  0  0]
 [ 0  0  0  0  0  0  0  0]]
Turn: 3 Player: -1
[[ 0  0  0  0  0  0  0  0]
 [ 0  0  0  1  0  0  0  0]
 [-1  0  0  0  0  0  0  0]
 [ 0  0  0  1  1  1  0  0]
 [ 0  0  0 -1  1  0  0  0]
 [ 0  0  0  0  0  0  0  0]
 [ 0  0  0  0  0  0  0  0]
 [ 0  0  0  0  0  0  0  0]]
Turn: 4 Player: 1
[[ 0  0  0  0  0  0  0  0]
 [ 0  0  0  1  0  0  0  0]
 [-1  0  0  0  0 -1  0  0]
 [ 0  0  0  1  1  1  0  0]
 [ 0  0  0 -1  1  0  0  0]
 [ 0  0  0  0  0  0  0  0]
 [ 0  0  0  0  0  0  0  0]
 [ 0  0  0  0  0  0  0  0]]
Turn: 5 Player: -1
[[ 0  0  0  0  0  0  0  0]
 [ 0  1  0  1  0  0  0  0]
 [-1  0  0  0  0 -1  0  0]
 [ 0  0  0  1  1  1  0  0]
 [ 0  0  0 -1  1  0  0  0]
 [ 0  0  0  0  0  0  0  0]
 [ 0  0  0  0  0  0  0  0]
 [ 0  0  0  0  0  0  0  0]]
Turn: 5 Player: -1
[[ 0  0  0  0  0  0  0  0]
 [ 0  1  0  1  0  0  0  0]
 [-1  0  0  0  0 -1  0  0]
 [ 0  0  0  1  1  1  0  0]
 [ 0  0  0 -1  1  0  0  0]
 [ 0  0  0  0  0  0  0  0]
 [ 0  0  0  0  0  0  0  0]
 [ 0  0  0  0  0  0  0  0]]
Turn: 5 Player: -1
[[ 0  0  0  0  0  0  0  0]
 [ 0  1  0  1  0  0  0  0]
 [-1  0  0  0  0 -1  0  0]
 [ 0  0  0  1  1  1  0  0]
 [ 0  0  0 -1  1  0  0  0]
 [ 0  0  0  0  0  0  0  0]
 [ 0  0  0  0  0  0  0  0]
 [ 0  0  0  0  0  0  0  0]]
Turn: 6 Player: 1
[[ 0  0  0  0  0  0  0  0]
 [ 0  1  0  1  0 -1  0  0]
 [-1  0  0  0  0 -1  0  0]
 [ 0  0  0  1  1  1  0  0]
 [ 0  0  0 -1  1  0  0  0]
 [ 0  0  0  0  0  0  0  0]
 [ 0  0  0  0  0  0  0  0]
 [ 0  0  0  0  0  0  0  0]]
Turn: 6 Player: 1
[[ 0  0  0  0  0  0  0  0]
 [ 0  1  0  1  0 -1  0  0]
 [-1  0  0  0  0 -1  0  0]
 [ 0  0  0  1  1  1  0  0]
 [ 0  0  0 -1  1  0  0  0]
 [ 0  0  0  0  0  0  0  0]
 [ 0  0  0  0  0  0  0  0]
 [ 0  0  0  0  0  0  0  0]]
Turn: 7 Player: -1
[[ 0  0  0  0  0  0  0  0]
 [ 0  1  0  1  0 -1  0  0]
 [-1  0  0  0  0 -1  0  0]
 [ 0  0  0  1  1  1  0  0]
 [ 0  0  0 -1  1  0  0  0]
 [ 0  0  0  0  0  0  0  0]
 [ 1  0  0  0  0  0  0  0]
 [ 0  0  0  0  0  0  0  0]]
Turn: 8 Player: 1
[[ 0  0  0  0  0  0  0  0]
 [ 0  1  0  1  0 -1  0  0]
 [-1  0  0  0  0 -1  0  0]
 [ 0  0  0  1  1  1  0  0]
 [ 0  0  0 -1  1  0  0  0]
 [ 0  0  0  0  0  0  0  0]
 [ 1  0  0  0 -1  0  0  0]
 [ 0  0  0  0  0  0  0  0]]
Flipping piece
Flipping piece
Turn: 9 Player: -1
[[ 0  0  0  0  0  0  0  0]
 [ 0  1  0  1  0 -1  0  0]
 [-1  0  0  0  0 -1  0  0]
 [ 0  0  0  1  1  1  0  0]
 [ 0  0  0 -1  1  0  0  0]
 [ 0  0  0  0  1  0  0  0]
 [ 1  0  0  0  1  0  0  0]
 [ 0  0  0  0  1  0  0  0]]
Turn: 10 Player: 1
[[ 0  0  0  0  0  0  0  0]
 [ 0  1  0  1  0 -1  0  0]
 [-1  0  0  0  0 -1  0  0]
 [ 0  0  0  1  1  1  0  0]
 [ 0  0  0 -1  1  0  0  0]
 [ 0  0  0  0  1  0 -1  0]
 [ 1  0  0  0  1  0  0  0]
 [ 0  0  0  0  1  0  0  0]]
Turn: 11 Player: -1
[[ 0  0  0  0  0  0  0  0]
 [ 0  1  0  1  0 -1  0  0]
 [-1  0  0  0  0 -1  0  0]
 [ 0  0  1  1  1  1  0  0]
 [ 0  0  0 -1  1  0  0  0]
 [ 0  0  0  0  1  0 -1  0]
 [ 1  0  0  0  1  0  0  0]
 [ 0  0  0  0  1  0  0  0]]
Turn: 12 Player: 1
[[ 0  0  0  0  0  0  0  0]
 [-1  1  0  1  0 -1  0  0]
 [-1  0  0  0  0 -1  0  0]
 [ 0  0  1  1  1  1  0  0]
 [ 0  0  0 -1  1  0  0  0]
 [ 0  0  0  0  1  0 -1  0]
 [ 1  0  0  0  1  0  0  0]
 [ 0  0  0  0  1  0  0  0]]
Turn: 13 Player: -1
[[ 0  0  0  0  0  0  0  0]
 [-1  1  0  1  0 -1  0  0]
 [-1  0  0  0  0 -1  0  0]
 [ 0  0  1  1  1  1  0  0]
 [ 0  0  0 -1  1  0  0  0]
 [ 0  0  0  0  1  1 -1  0]
 [ 1  0  0  0  1  0  0  0]
 [ 0  0  0  0  1  0  0  0]]
Turn: 14 Player: 1
[[ 0  0  0  0  0  0  0  0]
 [-1  1  0  1  0 -1  0  0]
 [-1  0  0  0  0 -1  0  0]
 [ 0  0  1  1  1  1  0  0]
 [ 0  0  0 -1  1  0  0 -1]
 [ 0  0  0  0  1  1 -1  0]
 [ 1  0  0  0  1  0  0  0]
 [ 0  0  0  0  1  0  0  0]]
Turn: 14 Player: 1
[[ 0  0  0  0  0  0  0  0]
 [-1  1  0  1  0 -1  0  0]
 [-1  0  0  0  0 -1  0  0]
 [ 0  0  1  1  1  1  0  0]
 [ 0  0  0 -1  1  0  0 -1]
 [ 0  0  0  0  1  1 -1  0]
 [ 1  0  0  0  1  0  0  0]
 [ 0  0  0  0  1  0  0  0]]
Turn: 14 Player: 1
[[ 0  0  0  0  0  0  0  0]
 [-1  1  0  1  0 -1  0  0]
 [-1  0  0  0  0 -1  0  0]
 [ 0  0  1  1  1  1  0  0]
 [ 0  0  0 -1  1  0  0 -1]
 [ 0  0  0  0  1  1 -1  0]
 [ 1  0  0  0  1  0  0  0]
 [ 0  0  0  0  1  0  0  0]]
Turn: 15 Player: -1
[[ 0  0  0  0  0  0  0  0]
 [-1  1  0  1  0 -1  0  0]
 [-1  0  0  0  0 -1  0  0]
 [ 0  0  1  1  1  1  0  0]
 [ 0  0  0 -1  1  0  0 -1]
 [ 0  0  0  0  1  1 -1  0]
 [ 1  0  0  0  1  0  0  0]
 [ 1  0  0  0  1  0  0  0]]
Turn: 15 Player: -1
[[ 0  0  0  0  0  0  0  0]
 [-1  1  0  1  0 -1  0  0]
 [-1  0  0  0  0 -1  0  0]
 [ 0  0  1  1  1  1  0  0]
 [ 0  0  0 -1  1  0  0 -1]
 [ 0  0  0  0  1  1 -1  0]
 [ 1  0  0  0  1  0  0  0]
 [ 1  0  0  0  1  0  0  0]]
Turn: 16 Player: 1
[[ 0  0  0  0  0  0  0  0]
 [-1  1  0  1  0 -1  0  0]
 [-1  0  0  0  0 -1  0  0]
 [ 0  0  1  1  1  1  0  0]
 [ 0  0  0 -1  1  0  0 -1]
 [ 0  0  0 -1  1  1 -1  0]
 [ 1  0  0  0  1  0  0  0]
 [ 1  0  0  0  1  0  0  0]]
Flipping piece
Flipping piece
Flipping piece
Flipping piece
Flipping piece
Flipping piece
Flipping piece
Turn: 17 Player: -1
[[ 0  0  0  0  0  0  1  0]
 [-1  1  0  1  0 -1  1  0]
 [-1  0  0  0  0 -1  1  0]
 [ 0  0  1  1  1  1  1  0]
 [ 0  0  0 -1  1  0  1 -1]
 [ 0  0  0 -1  1  1  1  0]
 [ 1  0  0  0  1  0  1  0]
 [ 1  0  0  0  1  0  1  0]]
Turn: 17 Player: -1
[[ 0  0  0  0  0  0  1  0]
 [-1  1  0  1  0 -1  1  0]
 [-1  0  0  0  0 -1  1  0]
 [ 0  0  1  1  1  1  1  0]
 [ 0  0  0 -1  1  0  1 -1]
 [ 0  0  0 -1  1  1  1  0]
 [ 1  0  0  0  1  0  1  0]
 [ 1  0  0  0  1  0  1  0]]
Turn: 17 Player: -1
[[ 0  0  0  0  0  0  1  0]
 [-1  1  0  1  0 -1  1  0]
 [-1  0  0  0  0 -1  1  0]
 [ 0  0  1  1  1  1  1  0]
 [ 0  0  0 -1  1  0  1 -1]
 [ 0  0  0 -1  1  1  1  0]
 [ 1  0  0  0  1  0  1  0]
 [ 1  0  0  0  1  0  1  0]]
Turn: 18 Player: 1
[[ 0  0  0 -1  0  0  1  0]
 [-1  1  0  1  0 -1  1  0]
 [-1  0  0  0  0 -1  1  0]
 [ 0  0  1  1  1  1  1  0]
 [ 0  0  0 -1  1  0  1 -1]
 [ 0  0  0 -1  1  1  1  0]
 [ 1  0  0  0  1  0  1  0]
 [ 1  0  0  0  1  0  1  0]]
Turn: 18 Player: 1
[[ 0  0  0 -1  0  0  1  0]
 [-1  1  0  1  0 -1  1  0]
 [-1  0  0  0  0 -1  1  0]
 [ 0  0  1  1  1  1  1  0]
 [ 0  0  0 -1  1  0  1 -1]
 [ 0  0  0 -1  1  1  1  0]
 [ 1  0  0  0  1  0  1  0]
 [ 1  0  0  0  1  0  1  0]]
Turn: 18 Player: 1
[[ 0  0  0 -1  0  0  1  0]
 [-1  1  0  1  0 -1  1  0]
 [-1  0  0  0  0 -1  1  0]
 [ 0  0  1  1  1  1  1  0]
 [ 0  0  0 -1  1  0  1 -1]
 [ 0  0  0 -1  1  1  1  0]
 [ 1  0  0  0  1  0  1  0]
 [ 1  0  0  0  1  0  1  0]]
Turn: 18 Player: 1
[[ 0  0  0 -1  0  0  1  0]
 [-1  1  0  1  0 -1  1  0]
 [-1  0  0  0  0 -1  1  0]
 [ 0  0  1  1  1  1  1  0]
 [ 0  0  0 -1  1  0  1 -1]
 [ 0  0  0 -1  1  1  1  0]
 [ 1  0  0  0  1  0  1  0]
 [ 1  0  0  0  1  0  1  0]]
Turn: 18 Player: 1
[[ 0  0  0 -1  0  0  1  0]
 [-1  1  0  1  0 -1  1  0]
 [-1  0  0  0  0 -1  1  0]
 [ 0  0  1  1  1  1  1  0]
 [ 0  0  0 -1  1  0  1 -1]
 [ 0  0  0 -1  1  1  1  0]
 [ 1  0  0  0  1  0  1  0]
 [ 1  0  0  0  1  0  1  0]]
Turn: 18 Player: 1
[[ 0  0  0 -1  0  0  1  0]
 [-1  1  0  1  0 -1  1  0]
 [-1  0  0  0  0 -1  1  0]
 [ 0  0  1  1  1  1  1  0]
 [ 0  0  0 -1  1  0  1 -1]
 [ 0  0  0 -1  1  1  1  0]
 [ 1  0  0  0  1  0  1  0]
 [ 1  0  0  0  1  0  1  0]]
Turn: 19 Player: -1
[[ 0  0  0 -1  0  0  1  0]
 [-1  1  0  1  0 -1  1  0]
 [-1  0  0  0  0 -1  1  0]
 [ 0  0  1  1  1  1  1  0]
 [ 0  0  0 -1  1  0  1 -1]
 [ 0  1  0 -1  1  1  1  0]
 [ 1  0  0  0  1  0  1  0]
 [ 1  0  0  0  1  0  1  0]]
Turn: 19 Player: -1
[[ 0  0  0 -1  0  0  1  0]
 [-1  1  0  1  0 -1  1  0]
 [-1  0  0  0  0 -1  1  0]
 [ 0  0  1  1  1  1  1  0]
 [ 0  0  0 -1  1  0  1 -1]
 [ 0  1  0 -1  1  1  1  0]
 [ 1  0  0  0  1  0  1  0]
 [ 1  0  0  0  1  0  1  0]]
Turn: 20 Player: 1
[[ 0  0  0 -1 -1  0  1  0]
 [-1  1  0  1  0 -1  1  0]
 [-1  0  0  0  0 -1  1  0]
 [ 0  0  1  1  1  1  1  0]
 [ 0  0  0 -1  1  0  1 -1]
 [ 0  1  0 -1  1  1  1  0]
 [ 1  0  0  0  1  0  1  0]
 [ 1  0  0  0  1  0  1  0]]
Turn: 21 Player: -1
[[ 0  0  0 -1 -1  0  1  0]
 [-1  1  0  1  0 -1  1  0]
 [-1  0  0  0  0 -1  1  0]
 [ 0  0  1  1  1  1  1  0]
 [ 0  1  0 -1  1  0  1 -1]
 [ 0  1  0 -1  1  1  1  0]
 [ 1  0  0  0  1  0  1  0]
 [ 1  0  0  0  1  0  1  0]]
Turn: 21 Player: -1
[[ 0  0  0 -1 -1  0  1  0]
 [-1  1  0  1  0 -1  1  0]
 [-1  0  0  0  0 -1  1  0]
 [ 0  0  1  1  1  1  1  0]
 [ 0  1  0 -1  1  0  1 -1]
 [ 0  1  0 -1  1  1  1  0]
 [ 1  0  0  0  1  0  1  0]
 [ 1  0  0  0  1  0  1  0]]
Turn: 21 Player: -1
[[ 0  0  0 -1 -1  0  1  0]
 [-1  1  0  1  0 -1  1  0]
 [-1  0  0  0  0 -1  1  0]
 [ 0  0  1  1  1  1  1  0]
 [ 0  1  0 -1  1  0  1 -1]
 [ 0  1  0 -1  1  1  1  0]
 [ 1  0  0  0  1  0  1  0]
 [ 1  0  0  0  1  0  1  0]]
Flipping piece
Flipping piece
Flipping piece
Flipping piece
Flipping piece
Flipping piece
Flipping piece
Turn: 22 Player: 1
[[ 0  0  0 -1 -1 -1  1  0]
 [-1  1  0  1  0 -1 -1  0]
 [-1  0  0  0  0 -1  1 -1]
 [-1  0  1  1  1  1  1  0]
 [ 0 -1  0 -1  1  0  1 -1]
 [ 0  1 -1 -1  1  1  1  0]
 [ 1  0  0 -1  1  0  1  0]
 [ 1  0  0  0 -1  0  1  0]]
Flipping piece
Flipping piece
Flipping piece
Flipping piece
Flipping piece
Flipping piece
Flipping piece
Turn: 23 Player: -1
[[ 0  0  0 -1 -1 -1  1  1]
 [-1  1  0  1  0 -1 -1  1]
 [-1  0  0  0  0 -1  1  1]
 [-1  0  1  1  1  1  1  1]
 [ 0 -1  0 -1  1  0  1  1]
 [ 0  1 -1 -1  1  1  1  1]
 [ 1  0  0 -1  1  0  1  1]
 [ 1  0  0  0 -1  0  1  1]]
Flipping piece
Flipping piece
Flipping piece
Flipping piece
Flipping piece
Flipping piece
Flipping piece
Flipping piece
Turn: 24 Player: 1
[[ 0  0  0 -1 -1 -1  1  1]
 [-1 -1 -1 -1 -1 -1 -1  1]
 [-1  0  0  0 -1 -1  1  1]
 [-1  0  1  1 -1  1  1  1]
 [ 0 -1  0 -1 -1  0  1  1]
 [ 0  1 -1 -1 -1  1  1  1]
 [ 1  0  0 -1  1 -1  1  1]
 [ 1  0  0  0 -1  0  1  1]]
Flipping piece
Turn: 25 Player: -1
[[ 0  0  0 -1 -1 -1  1  1]
 [ 1 -1 -1 -1 -1 -1 -1  1]
 [-1  1  0  0 -1 -1  1  1]
 [-1  0  1  1 -1  1  1  1]
 [ 0 -1  0 -1 -1  0  1  1]
 [ 0  1 -1 -1 -1  1  1  1]
 [ 1  0  0 -1  1 -1  1  1]
 [ 1  0  0  0 -1  0  1  1]]
Turn: 25 Player: -1
[[ 0  0  0 -1 -1 -1  1  1]
 [ 1 -1 -1 -1 -1 -1 -1  1]
 [-1  1  0  0 -1 -1  1  1]
 [-1  0  1  1 -1  1  1  1]
 [ 0 -1  0 -1 -1  0  1  1]
 [ 0  1 -1 -1 -1  1  1  1]
 [ 1  0  0 -1  1 -1  1  1]
 [ 1  0  0  0 -1  0  1  1]]
Flipping piece
Turn: 26 Player: 1
[[ 0  0  0 -1 -1 -1  1  1]
 [ 1 -1 -1 -1 -1 -1 -1  1]
 [-1  1  0  0 -1 -1  1  1]
 [-1  0  1  1 -1  1  1  1]
 [ 0 -1  0 -1 -1  0  1  1]
 [ 0  1 -1 -1 -1  1  1  1]
 [ 1  0  0 -1 -1 -1  1  1]
 [ 1  0  0  0 -1 -1  1  1]]
Turn: 26 Player: 1
[[ 0  0  0 -1 -1 -1  1  1]
 [ 1 -1 -1 -1 -1 -1 -1  1]
 [-1  1  0  0 -1 -1  1  1]
 [-1  0  1  1 -1  1  1  1]
 [ 0 -1  0 -1 -1  0  1  1]
 [ 0  1 -1 -1 -1  1  1  1]
 [ 1  0  0 -1 -1 -1  1  1]
 [ 1  0  0  0 -1 -1  1  1]]
Turn: 26 Player: 1
[[ 0  0  0 -1 -1 -1  1  1]
 [ 1 -1 -1 -1 -1 -1 -1  1]
 [-1  1  0  0 -1 -1  1  1]
 [-1  0  1  1 -1  1  1  1]
 [ 0 -1  0 -1 -1  0  1  1]
 [ 0  1 -1 -1 -1  1  1  1]
 [ 1  0  0 -1 -1 -1  1  1]
 [ 1  0  0  0 -1 -1  1  1]]
Turn: 27 Player: -1
[[ 0  0  0 -1 -1 -1  1  1]
 [ 1 -1 -1 -1 -1 -1 -1  1]
 [-1  1  0  0 -1 -1  1  1]
 [-1  0  1  1 -1  1  1  1]
 [ 0 -1  0 -1 -1  0  1  1]
 [ 1  1 -1 -1 -1  1  1  1]
 [ 1  0  0 -1 -1 -1  1  1]
 [ 1  0  0  0 -1 -1  1  1]]
Turn: 27 Player: -1
[[ 0  0  0 -1 -1 -1  1  1]
 [ 1 -1 -1 -1 -1 -1 -1  1]
 [-1  1  0  0 -1 -1  1  1]
 [-1  0  1  1 -1  1  1  1]
 [ 0 -1  0 -1 -1  0  1  1]
 [ 1  1 -1 -1 -1  1  1  1]
 [ 1  0  0 -1 -1 -1  1  1]
 [ 1  0  0  0 -1 -1  1  1]]
Turn: 27 Player: -1
[[ 0  0  0 -1 -1 -1  1  1]
 [ 1 -1 -1 -1 -1 -1 -1  1]
 [-1  1  0  0 -1 -1  1  1]
 [-1  0  1  1 -1  1  1  1]
 [ 0 -1  0 -1 -1  0  1  1]
 [ 1  1 -1 -1 -1  1  1  1]
 [ 1  0  0 -1 -1 -1  1  1]
 [ 1  0  0  0 -1 -1  1  1]]
Turn: 27 Player: -1
[[ 0  0  0 -1 -1 -1  1  1]
 [ 1 -1 -1 -1 -1 -1 -1  1]
 [-1  1  0  0 -1 -1  1  1]
 [-1  0  1  1 -1  1  1  1]
 [ 0 -1  0 -1 -1  0  1  1]
 [ 1  1 -1 -1 -1  1  1  1]
 [ 1  0  0 -1 -1 -1  1  1]
 [ 1  0  0  0 -1 -1  1  1]]
Turn: 28 Player: 1
[[ 0  0  0 -1 -1 -1  1  1]
 [ 1 -1 -1 -1 -1 -1 -1  1]
 [-1  1  0  0 -1 -1  1  1]
 [-1  0  1  1 -1  1  1  1]
 [ 0 -1  0 -1 -1  0  1  1]
 [ 1  1 -1 -1 -1  1  1  1]
 [ 1  0  0 -1 -1 -1  1  1]
 [ 1  0  0 -1 -1 -1  1  1]]
Turn: 28 Player: 1
[[ 0  0  0 -1 -1 -1  1  1]
 [ 1 -1 -1 -1 -1 -1 -1  1]
 [-1  1  0  0 -1 -1  1  1]
 [-1  0  1  1 -1  1  1  1]
 [ 0 -1  0 -1 -1  0  1  1]
 [ 1  1 -1 -1 -1  1  1  1]
 [ 1  0  0 -1 -1 -1  1  1]
 [ 1  0  0 -1 -1 -1  1  1]]
Turn: 29 Player: -1
[[ 0  0  0 -1 -1 -1  1  1]
 [ 1 -1 -1 -1 -1 -1 -1  1]
 [-1  1  0  0 -1 -1  1  1]
 [-1  0  1  1 -1  1  1  1]
 [ 0 -1  0 -1 -1  0  1  1]
 [ 1  1 -1 -1 -1  1  1  1]
 [ 1  0  0 -1 -1 -1  1  1]
 [ 1  1  0 -1 -1 -1  1  1]]
Turn: 29 Player: -1
[[ 0  0  0 -1 -1 -1  1  1]
 [ 1 -1 -1 -1 -1 -1 -1  1]
 [-1  1  0  0 -1 -1  1  1]
 [-1  0  1  1 -1  1  1  1]
 [ 0 -1  0 -1 -1  0  1  1]
 [ 1  1 -1 -1 -1  1  1  1]
 [ 1  0  0 -1 -1 -1  1  1]
 [ 1  1  0 -1 -1 -1  1  1]]
Turn: 29 Player: -1
[[ 0  0  0 -1 -1 -1  1  1]
 [ 1 -1 -1 -1 -1 -1 -1  1]
 [-1  1  0  0 -1 -1  1  1]
 [-1  0  1  1 -1  1  1  1]
 [ 0 -1  0 -1 -1  0  1  1]
 [ 1  1 -1 -1 -1  1  1  1]
 [ 1  0  0 -1 -1 -1  1  1]
 [ 1  1  0 -1 -1 -1  1  1]]
Turn: 29 Player: -1
[[ 0  0  0 -1 -1 -1  1  1]
 [ 1 -1 -1 -1 -1 -1 -1  1]
 [-1  1  0  0 -1 -1  1  1]
 [-1  0  1  1 -1  1  1  1]
 [ 0 -1  0 -1 -1  0  1  1]
 [ 1  1 -1 -1 -1  1  1  1]
 [ 1  0  0 -1 -1 -1  1  1]
 [ 1  1  0 -1 -1 -1  1  1]]
Turn: 29 Player: -1
[[ 0  0  0 -1 -1 -1  1  1]
 [ 1 -1 -1 -1 -1 -1 -1  1]
 [-1  1  0  0 -1 -1  1  1]
 [-1  0  1  1 -1  1  1  1]
 [ 0 -1  0 -1 -1  0  1  1]
 [ 1  1 -1 -1 -1  1  1  1]
 [ 1  0  0 -1 -1 -1  1  1]
 [ 1  1  0 -1 -1 -1  1  1]]
Turn: 30 Player: 1
[[ 0  0  0 -1 -1 -1  1  1]
 [ 1 -1 -1 -1 -1 -1 -1  1]
 [-1  1  0  0 -1 -1  1  1]
 [-1  0  1  1 -1  1  1  1]
 [-1 -1  0 -1 -1  0  1  1]
 [ 1  1 -1 -1 -1  1  1  1]
 [ 1  0  0 -1 -1 -1  1  1]
 [ 1  1  0 -1 -1 -1  1  1]]
Turn: 30 Player: 1
[[ 0  0  0 -1 -1 -1  1  1]
 [ 1 -1 -1 -1 -1 -1 -1  1]
 [-1  1  0  0 -1 -1  1  1]
 [-1  0  1  1 -1  1  1  1]
 [-1 -1  0 -1 -1  0  1  1]
 [ 1  1 -1 -1 -1  1  1  1]
 [ 1  0  0 -1 -1 -1  1  1]
 [ 1  1  0 -1 -1 -1  1  1]]
Turn: 30 Player: 1
[[ 0  0  0 -1 -1 -1  1  1]
 [ 1 -1 -1 -1 -1 -1 -1  1]
 [-1  1  0  0 -1 -1  1  1]
 [-1  0  1  1 -1  1  1  1]
 [-1 -1  0 -1 -1  0  1  1]
 [ 1  1 -1 -1 -1  1  1  1]
 [ 1  0  0 -1 -1 -1  1  1]
 [ 1  1  0 -1 -1 -1  1  1]]
Turn: 30 Player: 1
[[ 0  0  0 -1 -1 -1  1  1]
 [ 1 -1 -1 -1 -1 -1 -1  1]
 [-1  1  0  0 -1 -1  1  1]
 [-1  0  1  1 -1  1  1  1]
 [-1 -1  0 -1 -1  0  1  1]
 [ 1  1 -1 -1 -1  1  1  1]
 [ 1  0  0 -1 -1 -1  1  1]
 [ 1  1  0 -1 -1 -1  1  1]]
Turn: 30 Player: 1
[[ 0  0  0 -1 -1 -1  1  1]
 [ 1 -1 -1 -1 -1 -1 -1  1]
 [-1  1  0  0 -1 -1  1  1]
 [-1  0  1  1 -1  1  1  1]
 [-1 -1  0 -1 -1  0  1  1]
 [ 1  1 -1 -1 -1  1  1  1]
 [ 1  0  0 -1 -1 -1  1  1]
 [ 1  1  0 -1 -1 -1  1  1]]
Turn: 30 Player: 1
[[ 0  0  0 -1 -1 -1  1  1]
 [ 1 -1 -1 -1 -1 -1 -1  1]
 [-1  1  0  0 -1 -1  1  1]
 [-1  0  1  1 -1  1  1  1]
 [-1 -1  0 -1 -1  0  1  1]
 [ 1  1 -1 -1 -1  1  1  1]
 [ 1  0  0 -1 -1 -1  1  1]
 [ 1  1  0 -1 -1 -1  1  1]]
Flipping piece
Flipping piece
Turn: 31 Player: -1
[[ 1  0  0 -1 -1 -1  1  1]
 [ 1  1 -1 -1 -1 -1 -1  1]
 [-1  1  1  0 -1 -1  1  1]
 [-1  0  1  1 -1  1  1  1]
 [-1 -1  0 -1 -1  0  1  1]
 [ 1  1 -1 -1 -1  1  1  1]
 [ 1  0  0 -1 -1 -1  1  1]
 [ 1  1  0 -1 -1 -1  1  1]]
Turn: 31 Player: -1
[[ 1  0  0 -1 -1 -1  1  1]
 [ 1  1 -1 -1 -1 -1 -1  1]
 [-1  1  1  0 -1 -1  1  1]
 [-1  0  1  1 -1  1  1  1]
 [-1 -1  0 -1 -1  0  1  1]
 [ 1  1 -1 -1 -1  1  1  1]
 [ 1  0  0 -1 -1 -1  1  1]
 [ 1  1  0 -1 -1 -1  1  1]]
Turn: 31 Player: -1
[[ 1  0  0 -1 -1 -1  1  1]
 [ 1  1 -1 -1 -1 -1 -1  1]
 [-1  1  1  0 -1 -1  1  1]
 [-1  0  1  1 -1  1  1  1]
 [-1 -1  0 -1 -1  0  1  1]
 [ 1  1 -1 -1 -1  1  1  1]
 [ 1  0  0 -1 -1 -1  1  1]
 [ 1  1  0 -1 -1 -1  1  1]]
Turn: 31 Player: -1
[[ 1  0  0 -1 -1 -1  1  1]
 [ 1  1 -1 -1 -1 -1 -1  1]
 [-1  1  1  0 -1 -1  1  1]
 [-1  0  1  1 -1  1  1  1]
 [-1 -1  0 -1 -1  0  1  1]
 [ 1  1 -1 -1 -1  1  1  1]
 [ 1  0  0 -1 -1 -1  1  1]
 [ 1  1  0 -1 -1 -1  1  1]]
Turn: 32 Player: 1
[[ 1  0 -1 -1 -1 -1  1  1]
 [ 1  1 -1 -1 -1 -1 -1  1]
 [-1  1  1  0 -1 -1  1  1]
 [-1  0  1  1 -1  1  1  1]
 [-1 -1  0 -1 -1  0  1  1]
 [ 1  1 -1 -1 -1  1  1  1]
 [ 1  0  0 -1 -1 -1  1  1]
 [ 1  1  0 -1 -1 -1  1  1]]
Turn: 32 Player: 1
[[ 1  0 -1 -1 -1 -1  1  1]
 [ 1  1 -1 -1 -1 -1 -1  1]
 [-1  1  1  0 -1 -1  1  1]
 [-1  0  1  1 -1  1  1  1]
 [-1 -1  0 -1 -1  0  1  1]
 [ 1  1 -1 -1 -1  1  1  1]
 [ 1  0  0 -1 -1 -1  1  1]
 [ 1  1  0 -1 -1 -1  1  1]]
Turn: 32 Player: 1
[[ 1  0 -1 -1 -1 -1  1  1]
 [ 1  1 -1 -1 -1 -1 -1  1]
 [-1  1  1  0 -1 -1  1  1]
 [-1  0  1  1 -1  1  1  1]
 [-1 -1  0 -1 -1  0  1  1]
 [ 1  1 -1 -1 -1  1  1  1]
 [ 1  0  0 -1 -1 -1  1  1]
 [ 1  1  0 -1 -1 -1  1  1]]
Turn: 32 Player: 1
[[ 1  0 -1 -1 -1 -1  1  1]
 [ 1  1 -1 -1 -1 -1 -1  1]
 [-1  1  1  0 -1 -1  1  1]
 [-1  0  1  1 -1  1  1  1]
 [-1 -1  0 -1 -1  0  1  1]
 [ 1  1 -1 -1 -1  1  1  1]
 [ 1  0  0 -1 -1 -1  1  1]
 [ 1  1  0 -1 -1 -1  1  1]]
Turn: 32 Player: 1
[[ 1  0 -1 -1 -1 -1  1  1]
 [ 1  1 -1 -1 -1 -1 -1  1]
 [-1  1  1  0 -1 -1  1  1]
 [-1  0  1  1 -1  1  1  1]
 [-1 -1  0 -1 -1  0  1  1]
 [ 1  1 -1 -1 -1  1  1  1]
 [ 1  0  0 -1 -1 -1  1  1]
 [ 1  1  0 -1 -1 -1  1  1]]
Turn: 32 Player: 1
[[ 1  0 -1 -1 -1 -1  1  1]
 [ 1  1 -1 -1 -1 -1 -1  1]
 [-1  1  1  0 -1 -1  1  1]
 [-1  0  1  1 -1  1  1  1]
 [-1 -1  0 -1 -1  0  1  1]
 [ 1  1 -1 -1 -1  1  1  1]
 [ 1  0  0 -1 -1 -1  1  1]
 [ 1  1  0 -1 -1 -1  1  1]]
Turn: 32 Player: 1
[[ 1  0 -1 -1 -1 -1  1  1]
 [ 1  1 -1 -1 -1 -1 -1  1]
 [-1  1  1  0 -1 -1  1  1]
 [-1  0  1  1 -1  1  1  1]
 [-1 -1  0 -1 -1  0  1  1]
 [ 1  1 -1 -1 -1  1  1  1]
 [ 1  0  0 -1 -1 -1  1  1]
 [ 1  1  0 -1 -1 -1  1  1]]
Turn: 32 Player: 1
[[ 1  0 -1 -1 -1 -1  1  1]
 [ 1  1 -1 -1 -1 -1 -1  1]
 [-1  1  1  0 -1 -1  1  1]
 [-1  0  1  1 -1  1  1  1]
 [-1 -1  0 -1 -1  0  1  1]
 [ 1  1 -1 -1 -1  1  1  1]
 [ 1  0  0 -1 -1 -1  1  1]
 [ 1  1  0 -1 -1 -1  1  1]]
Turn: 32 Player: 1
[[ 1  0 -1 -1 -1 -1  1  1]
 [ 1  1 -1 -1 -1 -1 -1  1]
 [-1  1  1  0 -1 -1  1  1]
 [-1  0  1  1 -1  1  1  1]
 [-1 -1  0 -1 -1  0  1  1]
 [ 1  1 -1 -1 -1  1  1  1]
 [ 1  0  0 -1 -1 -1  1  1]
 [ 1  1  0 -1 -1 -1  1  1]]
Turn: 32 Player: 1
[[ 1  0 -1 -1 -1 -1  1  1]
 [ 1  1 -1 -1 -1 -1 -1  1]
 [-1  1  1  0 -1 -1  1  1]
 [-1  0  1  1 -1  1  1  1]
 [-1 -1  0 -1 -1  0  1  1]
 [ 1  1 -1 -1 -1  1  1  1]
 [ 1  0  0 -1 -1 -1  1  1]
 [ 1  1  0 -1 -1 -1  1  1]]
Turn: 32 Player: 1
[[ 1  0 -1 -1 -1 -1  1  1]
 [ 1  1 -1 -1 -1 -1 -1  1]
 [-1  1  1  0 -1 -1  1  1]
 [-1  0  1  1 -1  1  1  1]
 [-1 -1  0 -1 -1  0  1  1]
 [ 1  1 -1 -1 -1  1  1  1]
 [ 1  0  0 -1 -1 -1  1  1]
 [ 1  1  0 -1 -1 -1  1  1]]
Turn: 32 Player: 1
[[ 1  0 -1 -1 -1 -1  1  1]
 [ 1  1 -1 -1 -1 -1 -1  1]
 [-1  1  1  0 -1 -1  1  1]
 [-1  0  1  1 -1  1  1  1]
 [-1 -1  0 -1 -1  0  1  1]
 [ 1  1 -1 -1 -1  1  1  1]
 [ 1  0  0 -1 -1 -1  1  1]
 [ 1  1  0 -1 -1 -1  1  1]]
Turn: 32 Player: 1
[[ 1  0 -1 -1 -1 -1  1  1]
 [ 1  1 -1 -1 -1 -1 -1  1]
 [-1  1  1  0 -1 -1  1  1]
 [-1  0  1  1 -1  1  1  1]
 [-1 -1  0 -1 -1  0  1  1]
 [ 1  1 -1 -1 -1  1  1  1]
 [ 1  0  0 -1 -1 -1  1  1]
 [ 1  1  0 -1 -1 -1  1  1]]
Turn: 32 Player: 1
[[ 1  0 -1 -1 -1 -1  1  1]
 [ 1  1 -1 -1 -1 -1 -1  1]
 [-1  1  1  0 -1 -1  1  1]
 [-1  0  1  1 -1  1  1  1]
 [-1 -1  0 -1 -1  0  1  1]
 [ 1  1 -1 -1 -1  1  1  1]
 [ 1  0  0 -1 -1 -1  1  1]
 [ 1  1  0 -1 -1 -1  1  1]]
Turn: 32 Player: 1
[[ 1  0 -1 -1 -1 -1  1  1]
 [ 1  1 -1 -1 -1 -1 -1  1]
 [-1  1  1  0 -1 -1  1  1]
 [-1  0  1  1 -1  1  1  1]
 [-1 -1  0 -1 -1  0  1  1]
 [ 1  1 -1 -1 -1  1  1  1]
 [ 1  0  0 -1 -1 -1  1  1]
 [ 1  1  0 -1 -1 -1  1  1]]
Turn: 32 Player: 1
[[ 1  0 -1 -1 -1 -1  1  1]
 [ 1  1 -1 -1 -1 -1 -1  1]
 [-1  1  1  0 -1 -1  1  1]
 [-1  0  1  1 -1  1  1  1]
 [-1 -1  0 -1 -1  0  1  1]
 [ 1  1 -1 -1 -1  1  1  1]
 [ 1  0  0 -1 -1 -1  1  1]
 [ 1  1  0 -1 -1 -1  1  1]]
Turn: 32 Player: 1
[[ 1  0 -1 -1 -1 -1  1  1]
 [ 1  1 -1 -1 -1 -1 -1  1]
 [-1  1  1  0 -1 -1  1  1]
 [-1  0  1  1 -1  1  1  1]
 [-1 -1  0 -1 -1  0  1  1]
 [ 1  1 -1 -1 -1  1  1  1]
 [ 1  0  0 -1 -1 -1  1  1]
 [ 1  1  0 -1 -1 -1  1  1]]
Turn: 32 Player: 1
[[ 1  0 -1 -1 -1 -1  1  1]
 [ 1  1 -1 -1 -1 -1 -1  1]
 [-1  1  1  0 -1 -1  1  1]
 [-1  0  1  1 -1  1  1  1]
 [-1 -1  0 -1 -1  0  1  1]
 [ 1  1 -1 -1 -1  1  1  1]
 [ 1  0  0 -1 -1 -1  1  1]
 [ 1  1  0 -1 -1 -1  1  1]]
Flipping piece
Flipping piece
Flipping piece
Flipping piece
Turn: 33 Player: -1
[[ 1  1 -1 -1 -1 -1  1  1]
 [ 1  1  1 -1 -1 -1 -1  1]
 [-1  1  1  1 -1 -1  1  1]
 [-1  0  1  1  1  1  1  1]
 [-1 -1  0 -1 -1  1  1  1]
 [ 1  1 -1 -1 -1  1  1  1]
 [ 1  0  0 -1 -1 -1  1  1]
 [ 1  1  0 -1 -1 -1  1  1]]
Turn: 33 Player: -1
[[ 1  1 -1 -1 -1 -1  1  1]
 [ 1  1  1 -1 -1 -1 -1  1]
 [-1  1  1  1 -1 -1  1  1]
 [-1  0  1  1  1  1  1  1]
 [-1 -1  0 -1 -1  1  1  1]
 [ 1  1 -1 -1 -1  1  1  1]
 [ 1  0  0 -1 -1 -1  1  1]
 [ 1  1  0 -1 -1 -1  1  1]]
Turn: 33 Player: -1
[[ 1  1 -1 -1 -1 -1  1  1]
 [ 1  1  1 -1 -1 -1 -1  1]
 [-1  1  1  1 -1 -1  1  1]
 [-1  0  1  1  1  1  1  1]
 [-1 -1  0 -1 -1  1  1  1]
 [ 1  1 -1 -1 -1  1  1  1]
 [ 1  0  0 -1 -1 -1  1  1]
 [ 1  1  0 -1 -1 -1  1  1]]
Turn: 33 Player: -1
[[ 1  1 -1 -1 -1 -1  1  1]
 [ 1  1  1 -1 -1 -1 -1  1]
 [-1  1  1  1 -1 -1  1  1]
 [-1  0  1  1  1  1  1  1]
 [-1 -1  0 -1 -1  1  1  1]
 [ 1  1 -1 -1 -1  1  1  1]
 [ 1  0  0 -1 -1 -1  1  1]
 [ 1  1  0 -1 -1 -1  1  1]]
Turn: 33 Player: -1
[[ 1  1 -1 -1 -1 -1  1  1]
 [ 1  1  1 -1 -1 -1 -1  1]
 [-1  1  1  1 -1 -1  1  1]
 [-1  0  1  1  1  1  1  1]
 [-1 -1  0 -1 -1  1  1  1]
 [ 1  1 -1 -1 -1  1  1  1]
 [ 1  0  0 -1 -1 -1  1  1]
 [ 1  1  0 -1 -1 -1  1  1]]
Turn: 33 Player: -1
[[ 1  1 -1 -1 -1 -1  1  1]
 [ 1  1  1 -1 -1 -1 -1  1]
 [-1  1  1  1 -1 -1  1  1]
 [-1  0  1  1  1  1  1  1]
 [-1 -1  0 -1 -1  1  1  1]
 [ 1  1 -1 -1 -1  1  1  1]
 [ 1  0  0 -1 -1 -1  1  1]
 [ 1  1  0 -1 -1 -1  1  1]]
Turn: 33 Player: -1
[[ 1  1 -1 -1 -1 -1  1  1]
 [ 1  1  1 -1 -1 -1 -1  1]
 [-1  1  1  1 -1 -1  1  1]
 [-1  0  1  1  1  1  1  1]
 [-1 -1  0 -1 -1  1  1  1]
 [ 1  1 -1 -1 -1  1  1  1]
 [ 1  0  0 -1 -1 -1  1  1]
 [ 1  1  0 -1 -1 -1  1  1]]
Turn: 33 Player: -1
[[ 1  1 -1 -1 -1 -1  1  1]
 [ 1  1  1 -1 -1 -1 -1  1]
 [-1  1  1  1 -1 -1  1  1]
 [-1  0  1  1  1  1  1  1]
 [-1 -1  0 -1 -1  1  1  1]
 [ 1  1 -1 -1 -1  1  1  1]
 [ 1  0  0 -1 -1 -1  1  1]
 [ 1  1  0 -1 -1 -1  1  1]]
Flipping piece
Flipping piece
Flipping piece
Flipping piece
Flipping piece
Flipping piece
Turn: 34 Player: 1
[[ 1  1 -1 -1 -1 -1  1  1]
 [-1 -1 -1 -1 -1 -1 -1 -1]
 [-1  1 -1  1 -1 -1  1  1]
 [-1  0 -1  1  1  1  1  1]
 [-1 -1 -1 -1 -1  1  1  1]
 [ 1  1 -1 -1 -1  1  1  1]
 [ 1  0  0 -1 -1 -1  1  1]
 [ 1  1  0 -1 -1 -1  1  1]]
Turn: 34 Player: 1
[[ 1  1 -1 -1 -1 -1  1  1]
 [-1 -1 -1 -1 -1 -1 -1 -1]
 [-1  1 -1  1 -1 -1  1  1]
 [-1  0 -1  1  1  1  1  1]
 [-1 -1 -1 -1 -1  1  1  1]
 [ 1  1 -1 -1 -1  1  1  1]
 [ 1  0  0 -1 -1 -1  1  1]
 [ 1  1  0 -1 -1 -1  1  1]]
Turn: 34 Player: 1
[[ 1  1 -1 -1 -1 -1  1  1]
 [-1 -1 -1 -1 -1 -1 -1 -1]
 [-1  1 -1  1 -1 -1  1  1]
 [-1  0 -1  1  1  1  1  1]
 [-1 -1 -1 -1 -1  1  1  1]
 [ 1  1 -1 -1 -1  1  1  1]
 [ 1  0  0 -1 -1 -1  1  1]
 [ 1  1  0 -1 -1 -1  1  1]]
Turn: 34 Player: 1
[[ 1  1 -1 -1 -1 -1  1  1]
 [-1 -1 -1 -1 -1 -1 -1 -1]
 [-1  1 -1  1 -1 -1  1  1]
 [-1  0 -1  1  1  1  1  1]
 [-1 -1 -1 -1 -1  1  1  1]
 [ 1  1 -1 -1 -1  1  1  1]
 [ 1  0  0 -1 -1 -1  1  1]
 [ 1  1  0 -1 -1 -1  1  1]]
Turn: 34 Player: 1
[[ 1  1 -1 -1 -1 -1  1  1]
 [-1 -1 -1 -1 -1 -1 -1 -1]
 [-1  1 -1  1 -1 -1  1  1]
 [-1  0 -1  1  1  1  1  1]
 [-1 -1 -1 -1 -1  1  1  1]
 [ 1  1 -1 -1 -1  1  1  1]
 [ 1  0  0 -1 -1 -1  1  1]
 [ 1  1  0 -1 -1 -1  1  1]]
Flipping piece
Flipping piece
Flipping piece
Flipping piece
Flipping piece
Flipping piece
Flipping piece
Turn: 35 Player: -1
[[ 1  1  1 -1 -1 -1  1  1]
 [-1 -1  1 -1 -1 -1 -1 -1]
 [-1  1  1  1 -1 -1  1  1]
 [-1  0  1  1  1  1  1  1]
 [-1 -1  1 -1 -1  1  1  1]
 [ 1  1  1 -1 -1  1  1  1]
 [ 1  0  1 -1 -1 -1  1  1]
 [ 1  1  1 -1 -1 -1  1  1]]
Turn: 35 Player: -1
[[ 1  1  1 -1 -1 -1  1  1]
 [-1 -1  1 -1 -1 -1 -1 -1]
 [-1  1  1  1 -1 -1  1  1]
 [-1  0  1  1  1  1  1  1]
 [-1 -1  1 -1 -1  1  1  1]
 [ 1  1  1 -1 -1  1  1  1]
 [ 1  0  1 -1 -1 -1  1  1]
 [ 1  1  1 -1 -1 -1  1  1]]
Turn: 35 Player: -1
[[ 1  1  1 -1 -1 -1  1  1]
 [-1 -1  1 -1 -1 -1 -1 -1]
 [-1  1  1  1 -1 -1  1  1]
 [-1  0  1  1  1  1  1  1]
 [-1 -1  1 -1 -1  1  1  1]
 [ 1  1  1 -1 -1  1  1  1]
 [ 1  0  1 -1 -1 -1  1  1]
 [ 1  1  1 -1 -1 -1  1  1]]
Turn: 35 Player: -1
[[ 1  1  1 -1 -1 -1  1  1]
 [-1 -1  1 -1 -1 -1 -1 -1]
 [-1  1  1  1 -1 -1  1  1]
 [-1  0  1  1  1  1  1  1]
 [-1 -1  1 -1 -1  1  1  1]
 [ 1  1  1 -1 -1  1  1  1]
 [ 1  0  1 -1 -1 -1  1  1]
 [ 1  1  1 -1 -1 -1  1  1]]
Turn: 35 Player: -1
[[ 1  1  1 -1 -1 -1  1  1]
 [-1 -1  1 -1 -1 -1 -1 -1]
 [-1  1  1  1 -1 -1  1  1]
 [-1  0  1  1  1  1  1  1]
 [-1 -1  1 -1 -1  1  1  1]
 [ 1  1  1 -1 -1  1  1  1]
 [ 1  0  1 -1 -1 -1  1  1]
 [ 1  1  1 -1 -1 -1  1  1]]
Turn: 35 Player: -1
[[ 1  1  1 -1 -1 -1  1  1]
 [-1 -1  1 -1 -1 -1 -1 -1]
 [-1  1  1  1 -1 -1  1  1]
 [-1  0  1  1  1  1  1  1]
 [-1 -1  1 -1 -1  1  1  1]
 [ 1  1  1 -1 -1  1  1  1]
 [ 1  0  1 -1 -1 -1  1  1]
 [ 1  1  1 -1 -1 -1  1  1]]
Turn: 35 Player: -1
[[ 1  1  1 -1 -1 -1  1  1]
 [-1 -1  1 -1 -1 -1 -1 -1]
 [-1  1  1  1 -1 -1  1  1]
 [-1  0  1  1  1  1  1  1]
 [-1 -1  1 -1 -1  1  1  1]
 [ 1  1  1 -1 -1  1  1  1]
 [ 1  0  1 -1 -1 -1  1  1]
 [ 1  1  1 -1 -1 -1  1  1]]
Flipping piece
Turn: 36 Player: 1
[[ 1  1  1 -1 -1 -1  1  1]
 [-1 -1  1 -1 -1 -1 -1 -1]
 [-1 -1  1  1 -1 -1  1  1]
 [-1 -1  1  1  1  1  1  1]
 [-1 -1  1 -1 -1  1  1  1]
 [ 1  1  1 -1 -1  1  1  1]
 [ 1  0  1 -1 -1 -1  1  1]
 [ 1  1  1 -1 -1 -1  1  1]]
Turn: 36 Player: 1
[[ 1  1  1 -1 -1 -1  1  1]
 [-1 -1  1 -1 -1 -1 -1 -1]
 [-1 -1  1  1 -1 -1  1  1]
 [-1 -1  1  1  1  1  1  1]
 [-1 -1  1 -1 -1  1  1  1]
 [ 1  1  1 -1 -1  1  1  1]
 [ 1  0  1 -1 -1 -1  1  1]
 [ 1  1  1 -1 -1 -1  1  1]]
Turn: 36 Player: 1
[[ 1  1  1 -1 -1 -1  1  1]
 [-1 -1  1 -1 -1 -1 -1 -1]
 [-1 -1  1  1 -1 -1  1  1]
 [-1 -1  1  1  1  1  1  1]
 [-1 -1  1 -1 -1  1  1  1]
 [ 1  1  1 -1 -1  1  1  1]
 [ 1  0  1 -1 -1 -1  1  1]
 [ 1  1  1 -1 -1 -1  1  1]]
Turn: 36 Player: 1
[[ 1  1  1 -1 -1 -1  1  1]
 [-1 -1  1 -1 -1 -1 -1 -1]
 [-1 -1  1  1 -1 -1  1  1]
 [-1 -1  1  1  1  1  1  1]
 [-1 -1  1 -1 -1  1  1  1]
 [ 1  1  1 -1 -1  1  1  1]
 [ 1  0  1 -1 -1 -1  1  1]
 [ 1  1  1 -1 -1 -1  1  1]]
Turn: 36 Player: 1
[[ 1  1  1 -1 -1 -1  1  1]
 [-1 -1  1 -1 -1 -1 -1 -1]
 [-1 -1  1  1 -1 -1  1  1]
 [-1 -1  1  1  1  1  1  1]
 [-1 -1  1 -1 -1  1  1  1]
 [ 1  1  1 -1 -1  1  1  1]
 [ 1  0  1 -1 -1 -1  1  1]
 [ 1  1  1 -1 -1 -1  1  1]]
Turn: 36 Player: 1
[[ 1  1  1 -1 -1 -1  1  1]
 [-1 -1  1 -1 -1 -1 -1 -1]
 [-1 -1  1  1 -1 -1  1  1]
 [-1 -1  1  1  1  1  1  1]
 [-1 -1  1 -1 -1  1  1  1]
 [ 1  1  1 -1 -1  1  1  1]
 [ 1  0  1 -1 -1 -1  1  1]
 [ 1  1  1 -1 -1 -1  1  1]]
Turn: 36 Player: 1
[[ 1  1  1 -1 -1 -1  1  1]
 [-1 -1  1 -1 -1 -1 -1 -1]
 [-1 -1  1  1 -1 -1  1  1]
 [-1 -1  1  1  1  1  1  1]
 [-1 -1  1 -1 -1  1  1  1]
 [ 1  1  1 -1 -1  1  1  1]
 [ 1  0  1 -1 -1 -1  1  1]
 [ 1  1  1 -1 -1 -1  1  1]]
Turn: 36 Player: 1
[[ 1  1  1 -1 -1 -1  1  1]
 [-1 -1  1 -1 -1 -1 -1 -1]
 [-1 -1  1  1 -1 -1  1  1]
 [-1 -1  1  1  1  1  1  1]
 [-1 -1  1 -1 -1  1  1  1]
 [ 1  1  1 -1 -1  1  1  1]
 [ 1  0  1 -1 -1 -1  1  1]
 [ 1  1  1 -1 -1 -1  1  1]]
Turn: 36 Player: 1
[[ 1  1  1 -1 -1 -1  1  1]
 [-1 -1  1 -1 -1 -1 -1 -1]
 [-1 -1  1  1 -1 -1  1  1]
 [-1 -1  1  1  1  1  1  1]
 [-1 -1  1 -1 -1  1  1  1]
 [ 1  1  1 -1 -1  1  1  1]
 [ 1  0  1 -1 -1 -1  1  1]
 [ 1  1  1 -1 -1 -1  1  1]]
Turn: 36 Player: 1
[[ 1  1  1 -1 -1 -1  1  1]
 [-1 -1  1 -1 -1 -1 -1 -1]
 [-1 -1  1  1 -1 -1  1  1]
 [-1 -1  1  1  1  1  1  1]
 [-1 -1  1 -1 -1  1  1  1]
 [ 1  1  1 -1 -1  1  1  1]
 [ 1  0  1 -1 -1 -1  1  1]
 [ 1  1  1 -1 -1 -1  1  1]]
Turn: 36 Player: 1
[[ 1  1  1 -1 -1 -1  1  1]
 [-1 -1  1 -1 -1 -1 -1 -1]
 [-1 -1  1  1 -1 -1  1  1]
 [-1 -1  1  1  1  1  1  1]
 [-1 -1  1 -1 -1  1  1  1]
 [ 1  1  1 -1 -1  1  1  1]
 [ 1  0  1 -1 -1 -1  1  1]
 [ 1  1  1 -1 -1 -1  1  1]]
Turn: 36 Player: 1
[[ 1  1  1 -1 -1 -1  1  1]
 [-1 -1  1 -1 -1 -1 -1 -1]
 [-1 -1  1  1 -1 -1  1  1]
 [-1 -1  1  1  1  1  1  1]
 [-1 -1  1 -1 -1  1  1  1]
 [ 1  1  1 -1 -1  1  1  1]
 [ 1  0  1 -1 -1 -1  1  1]
 [ 1  1  1 -1 -1 -1  1  1]]
Turn: 36 Player: 1
[[ 1  1  1 -1 -1 -1  1  1]
 [-1 -1  1 -1 -1 -1 -1 -1]
 [-1 -1  1  1 -1 -1  1  1]
 [-1 -1  1  1  1  1  1  1]
 [-1 -1  1 -1 -1  1  1  1]
 [ 1  1  1 -1 -1  1  1  1]
 [ 1  0  1 -1 -1 -1  1  1]
 [ 1  1  1 -1 -1 -1  1  1]]
Turn: 36 Player: 1
[[ 1  1  1 -1 -1 -1  1  1]
 [-1 -1  1 -1 -1 -1 -1 -1]
 [-1 -1  1  1 -1 -1  1  1]
 [-1 -1  1  1  1  1  1  1]
 [-1 -1  1 -1 -1  1  1  1]
 [ 1  1  1 -1 -1  1  1  1]
 [ 1  0  1 -1 -1 -1  1  1]
 [ 1  1  1 -1 -1 -1  1  1]]
Turn: 36 Player: 1
[[ 1  1  1 -1 -1 -1  1  1]
 [-1 -1  1 -1 -1 -1 -1 -1]
 [-1 -1  1  1 -1 -1  1  1]
 [-1 -1  1  1  1  1  1  1]
 [-1 -1  1 -1 -1  1  1  1]
 [ 1  1  1 -1 -1  1  1  1]
 [ 1  0  1 -1 -1 -1  1  1]
 [ 1  1  1 -1 -1 -1  1  1]]
Turn: 36 Player: 1
[[ 1  1  1 -1 -1 -1  1  1]
 [-1 -1  1 -1 -1 -1 -1 -1]
 [-1 -1  1  1 -1 -1  1  1]
 [-1 -1  1  1  1  1  1  1]
 [-1 -1  1 -1 -1  1  1  1]
 [ 1  1  1 -1 -1  1  1  1]
 [ 1  0  1 -1 -1 -1  1  1]
 [ 1  1  1 -1 -1 -1  1  1]]
Turn: 36 Player: 1
[[ 1  1  1 -1 -1 -1  1  1]
 [-1 -1  1 -1 -1 -1 -1 -1]
 [-1 -1  1  1 -1 -1  1  1]
 [-1 -1  1  1  1  1  1  1]
 [-1 -1  1 -1 -1  1  1  1]
 [ 1  1  1 -1 -1  1  1  1]
 [ 1  0  1 -1 -1 -1  1  1]
 [ 1  1  1 -1 -1 -1  1  1]]
Turn: 36 Player: 1
[[ 1  1  1 -1 -1 -1  1  1]
 [-1 -1  1 -1 -1 -1 -1 -1]
 [-1 -1  1  1 -1 -1  1  1]
 [-1 -1  1  1  1  1  1  1]
 [-1 -1  1 -1 -1  1  1  1]
 [ 1  1  1 -1 -1  1  1  1]
 [ 1  0  1 -1 -1 -1  1  1]
 [ 1  1  1 -1 -1 -1  1  1]]
Turn: 36 Player: 1
[[ 1  1  1 -1 -1 -1  1  1]
 [-1 -1  1 -1 -1 -1 -1 -1]
 [-1 -1  1  1 -1 -1  1  1]
 [-1 -1  1  1  1  1  1  1]
 [-1 -1  1 -1 -1  1  1  1]
 [ 1  1  1 -1 -1  1  1  1]
 [ 1  0  1 -1 -1 -1  1  1]
 [ 1  1  1 -1 -1 -1  1  1]]
Turn: 36 Player: 1
[[ 1  1  1 -1 -1 -1  1  1]
 [-1 -1  1 -1 -1 -1 -1 -1]
 [-1 -1  1  1 -1 -1  1  1]
 [-1 -1  1  1  1  1  1  1]
 [-1 -1  1 -1 -1  1  1  1]
 [ 1  1  1 -1 -1  1  1  1]
 [ 1  0  1 -1 -1 -1  1  1]
 [ 1  1  1 -1 -1 -1  1  1]]
Turn: 36 Player: 1
[[ 1  1  1 -1 -1 -1  1  1]
 [-1 -1  1 -1 -1 -1 -1 -1]
 [-1 -1  1  1 -1 -1  1  1]
 [-1 -1  1  1  1  1  1  1]
 [-1 -1  1 -1 -1  1  1  1]
 [ 1  1  1 -1 -1  1  1  1]
 [ 1  0  1 -1 -1 -1  1  1]
 [ 1  1  1 -1 -1 -1  1  1]]
Turn: 36 Player: 1
[[ 1  1  1 -1 -1 -1  1  1]
 [-1 -1  1 -1 -1 -1 -1 -1]
 [-1 -1  1  1 -1 -1  1  1]
 [-1 -1  1  1  1  1  1  1]
 [-1 -1  1 -1 -1  1  1  1]
 [ 1  1  1 -1 -1  1  1  1]
 [ 1  0  1 -1 -1 -1  1  1]
 [ 1  1  1 -1 -1 -1  1  1]]
Turn: 36 Player: 1
[[ 1  1  1 -1 -1 -1  1  1]
 [-1 -1  1 -1 -1 -1 -1 -1]
 [-1 -1  1  1 -1 -1  1  1]
 [-1 -1  1  1  1  1  1  1]
 [-1 -1  1 -1 -1  1  1  1]
 [ 1  1  1 -1 -1  1  1  1]
 [ 1  0  1 -1 -1 -1  1  1]
 [ 1  1  1 -1 -1 -1  1  1]]
Turn: 36 Player: 1
[[ 1  1  1 -1 -1 -1  1  1]
 [-1 -1  1 -1 -1 -1 -1 -1]
 [-1 -1  1  1 -1 -1  1  1]
 [-1 -1  1  1  1  1  1  1]
 [-1 -1  1 -1 -1  1  1  1]
 [ 1  1  1 -1 -1  1  1  1]
 [ 1  0  1 -1 -1 -1  1  1]
 [ 1  1  1 -1 -1 -1  1  1]]
Turn: 36 Player: 1
[[ 1  1  1 -1 -1 -1  1  1]
 [-1 -1  1 -1 -1 -1 -1 -1]
 [-1 -1  1  1 -1 -1  1  1]
 [-1 -1  1  1  1  1  1  1]
 [-1 -1  1 -1 -1  1  1  1]
 [ 1  1  1 -1 -1  1  1  1]
 [ 1  0  1 -1 -1 -1  1  1]
 [ 1  1  1 -1 -1 -1  1  1]]
Turn: 36 Player: 1
[[ 1  1  1 -1 -1 -1  1  1]
 [-1 -1  1 -1 -1 -1 -1 -1]
 [-1 -1  1  1 -1 -1  1  1]
 [-1 -1  1  1  1  1  1  1]
 [-1 -1  1 -1 -1  1  1  1]
 [ 1  1  1 -1 -1  1  1  1]
 [ 1  0  1 -1 -1 -1  1  1]
 [ 1  1  1 -1 -1 -1  1  1]]
Turn: 36 Player: 1
[[ 1  1  1 -1 -1 -1  1  1]
 [-1 -1  1 -1 -1 -1 -1 -1]
 [-1 -1  1  1 -1 -1  1  1]
 [-1 -1  1  1  1  1  1  1]
 [-1 -1  1 -1 -1  1  1  1]
 [ 1  1  1 -1 -1  1  1  1]
 [ 1  0  1 -1 -1 -1  1  1]
 [ 1  1  1 -1 -1 -1  1  1]]
Turn: 36 Player: 1
[[ 1  1  1 -1 -1 -1  1  1]
 [-1 -1  1 -1 -1 -1 -1 -1]
 [-1 -1  1  1 -1 -1  1  1]
 [-1 -1  1  1  1  1  1  1]
 [-1 -1  1 -1 -1  1  1  1]
 [ 1  1  1 -1 -1  1  1  1]
 [ 1  0  1 -1 -1 -1  1  1]
 [ 1  1  1 -1 -1 -1  1  1]]
Turn: 36 Player: 1
[[ 1  1  1 -1 -1 -1  1  1]
 [-1 -1  1 -1 -1 -1 -1 -1]
 [-1 -1  1  1 -1 -1  1  1]
 [-1 -1  1  1  1  1  1  1]
 [-1 -1  1 -1 -1  1  1  1]
 [ 1  1  1 -1 -1  1  1  1]
 [ 1  0  1 -1 -1 -1  1  1]
 [ 1  1  1 -1 -1 -1  1  1]]
Turn: 36 Player: 1
[[ 1  1  1 -1 -1 -1  1  1]
 [-1 -1  1 -1 -1 -1 -1 -1]
 [-1 -1  1  1 -1 -1  1  1]
 [-1 -1  1  1  1  1  1  1]
 [-1 -1  1 -1 -1  1  1  1]
 [ 1  1  1 -1 -1  1  1  1]
 [ 1  0  1 -1 -1 -1  1  1]
 [ 1  1  1 -1 -1 -1  1  1]]
Turn: 36 Player: 1
[[ 1  1  1 -1 -1 -1  1  1]
 [-1 -1  1 -1 -1 -1 -1 -1]
 [-1 -1  1  1 -1 -1  1  1]
 [-1 -1  1  1  1  1  1  1]
 [-1 -1  1 -1 -1  1  1  1]
 [ 1  1  1 -1 -1  1  1  1]
 [ 1  0  1 -1 -1 -1  1  1]
 [ 1  1  1 -1 -1 -1  1  1]]
Turn: 36 Player: 1
[[ 1  1  1 -1 -1 -1  1  1]
 [-1 -1  1 -1 -1 -1 -1 -1]
 [-1 -1  1  1 -1 -1  1  1]
 [-1 -1  1  1  1  1  1  1]
 [-1 -1  1 -1 -1  1  1  1]
 [ 1  1  1 -1 -1  1  1  1]
 [ 1  0  1 -1 -1 -1  1  1]
 [ 1  1  1 -1 -1 -1  1  1]]
Turn: 36 Player: 1
[[ 1  1  1 -1 -1 -1  1  1]
 [-1 -1  1 -1 -1 -1 -1 -1]
 [-1 -1  1  1 -1 -1  1  1]
 [-1 -1  1  1  1  1  1  1]
 [-1 -1  1 -1 -1  1  1  1]
 [ 1  1  1 -1 -1  1  1  1]
 [ 1  0  1 -1 -1 -1  1  1]
 [ 1  1  1 -1 -1 -1  1  1]]
Turn: 36 Player: 1
[[ 1  1  1 -1 -1 -1  1  1]
 [-1 -1  1 -1 -1 -1 -1 -1]
 [-1 -1  1  1 -1 -1  1  1]
 [-1 -1  1  1  1  1  1  1]
 [-1 -1  1 -1 -1  1  1  1]
 [ 1  1  1 -1 -1  1  1  1]
 [ 1  0  1 -1 -1 -1  1  1]
 [ 1  1  1 -1 -1 -1  1  1]]
Turn: 36 Player: 1
[[ 1  1  1 -1 -1 -1  1  1]
 [-1 -1  1 -1 -1 -1 -1 -1]
 [-1 -1  1  1 -1 -1  1  1]
 [-1 -1  1  1  1  1  1  1]
 [-1 -1  1 -1 -1  1  1  1]
 [ 1  1  1 -1 -1  1  1  1]
 [ 1  0  1 -1 -1 -1  1  1]
 [ 1  1  1 -1 -1 -1  1  1]]
Turn: 36 Player: 1
[[ 1  1  1 -1 -1 -1  1  1]
 [-1 -1  1 -1 -1 -1 -1 -1]
 [-1 -1  1  1 -1 -1  1  1]
 [-1 -1  1  1  1  1  1  1]
 [-1 -1  1 -1 -1  1  1  1]
 [ 1  1  1 -1 -1  1  1  1]
 [ 1  0  1 -1 -1 -1  1  1]
 [ 1  1  1 -1 -1 -1  1  1]]
Turn: 36 Player: 1
[[ 1  1  1 -1 -1 -1  1  1]
 [-1 -1  1 -1 -1 -1 -1 -1]
 [-1 -1  1  1 -1 -1  1  1]
 [-1 -1  1  1  1  1  1  1]
 [-1 -1  1 -1 -1  1  1  1]
 [ 1  1  1 -1 -1  1  1  1]
 [ 1  0  1 -1 -1 -1  1  1]
 [ 1  1  1 -1 -1 -1  1  1]]
Turn: 36 Player: 1
[[ 1  1  1 -1 -1 -1  1  1]
 [-1 -1  1 -1 -1 -1 -1 -1]
 [-1 -1  1  1 -1 -1  1  1]
 [-1 -1  1  1  1  1  1  1]
 [-1 -1  1 -1 -1  1  1  1]
 [ 1  1  1 -1 -1  1  1  1]
 [ 1  0  1 -1 -1 -1  1  1]
 [ 1  1  1 -1 -1 -1  1  1]]
Turn: 36 Player: 1
[[ 1  1  1 -1 -1 -1  1  1]
 [-1 -1  1 -1 -1 -1 -1 -1]
 [-1 -1  1  1 -1 -1  1  1]
 [-1 -1  1  1  1  1  1  1]
 [-1 -1  1 -1 -1  1  1  1]
 [ 1  1  1 -1 -1  1  1  1]
 [ 1  0  1 -1 -1 -1  1  1]
 [ 1  1  1 -1 -1 -1  1  1]]
Turn: 36 Player: 1
[[ 1  1  1 -1 -1 -1  1  1]
 [-1 -1  1 -1 -1 -1 -1 -1]
 [-1 -1  1  1 -1 -1  1  1]
 [-1 -1  1  1  1  1  1  1]
 [-1 -1  1 -1 -1  1  1  1]
 [ 1  1  1 -1 -1  1  1  1]
 [ 1  0  1 -1 -1 -1  1  1]
 [ 1  1  1 -1 -1 -1  1  1]]
Turn: 36 Player: 1
[[ 1  1  1 -1 -1 -1  1  1]
 [-1 -1  1 -1 -1 -1 -1 -1]
 [-1 -1  1  1 -1 -1  1  1]
 [-1 -1  1  1  1  1  1  1]
 [-1 -1  1 -1 -1  1  1  1]
 [ 1  1  1 -1 -1  1  1  1]
 [ 1  0  1 -1 -1 -1  1  1]
 [ 1  1  1 -1 -1 -1  1  1]]
Turn: 36 Player: 1
[[ 1  1  1 -1 -1 -1  1  1]
 [-1 -1  1 -1 -1 -1 -1 -1]
 [-1 -1  1  1 -1 -1  1  1]
 [-1 -1  1  1  1  1  1  1]
 [-1 -1  1 -1 -1  1  1  1]
 [ 1  1  1 -1 -1  1  1  1]
 [ 1  0  1 -1 -1 -1  1  1]
 [ 1  1  1 -1 -1 -1  1  1]]
Turn: 36 Player: 1
[[ 1  1  1 -1 -1 -1  1  1]
 [-1 -1  1 -1 -1 -1 -1 -1]
 [-1 -1  1  1 -1 -1  1  1]
 [-1 -1  1  1  1  1  1  1]
 [-1 -1  1 -1 -1  1  1  1]
 [ 1  1  1 -1 -1  1  1  1]
 [ 1  0  1 -1 -1 -1  1  1]
 [ 1  1  1 -1 -1 -1  1  1]]
Turn: 36 Player: 1
[[ 1  1  1 -1 -1 -1  1  1]
 [-1 -1  1 -1 -1 -1 -1 -1]
 [-1 -1  1  1 -1 -1  1  1]
 [-1 -1  1  1  1  1  1  1]
 [-1 -1  1 -1 -1  1  1  1]
 [ 1  1  1 -1 -1  1  1  1]
 [ 1  0  1 -1 -1 -1  1  1]
 [ 1  1  1 -1 -1 -1  1  1]]
Turn: 36 Player: 1
[[ 1  1  1 -1 -1 -1  1  1]
 [-1 -1  1 -1 -1 -1 -1 -1]
 [-1 -1  1  1 -1 -1  1  1]
 [-1 -1  1  1  1  1  1  1]
 [-1 -1  1 -1 -1  1  1  1]
 [ 1  1  1 -1 -1  1  1  1]
 [ 1  0  1 -1 -1 -1  1  1]
 [ 1  1  1 -1 -1 -1  1  1]]
Turn: 36 Player: 1
[[ 1  1  1 -1 -1 -1  1  1]
 [-1 -1  1 -1 -1 -1 -1 -1]
 [-1 -1  1  1 -1 -1  1  1]
 [-1 -1  1  1  1  1  1  1]
 [-1 -1  1 -1 -1  1  1  1]
 [ 1  1  1 -1 -1  1  1  1]
 [ 1  0  1 -1 -1 -1  1  1]
 [ 1  1  1 -1 -1 -1  1  1]]
Turn: 0 Player: 1
[[ 0  0  0  0  0  0  0  0]
 [ 0  0  0  0  0  0  0  0]
 [ 0  0  0  0  0  0  0  0]
 [ 0  0  0  1 -1  0  0  0]
 [ 0  0  0 -1  1  0  0  0]
 [ 0  0  0  0  0  0  0  0]
 [ 0  0  0  0  0  0  0  0]
 [ 0  0  0  0  0  0  0  0]]
Turn: 0 Player: 1
[[ 0  0  0  0  0  0  0  0]
 [ 0  0  0  0  0  0  0  0]
 [ 0  0  0  0  0  0  0  0]
 [ 0  0  0  1 -1  0  0  0]
 [ 0  0  0 -1  1  0  0  0]
 [ 0  0  0  0  0  0  0  0]
 [ 0  0  0  0  0  0  0  0]
 [ 0  0  0  0  0  0  0  0]]
